-6.210267881426395e+33
-6.210267774995073e+33
-6.210267455879199e+33
-6.21026692503439e+33
-6.210266184062642e+33
-6.210265235225212e+33
-6.210264081459671e+33
-6.210262726400453e+33
-6.210261174402428e+33
-6.210259430566958e+33
-6.21025750076995e+33
-6.210255391691173e+33
-6.210253110844098e+33
-6.21025066660529e+33
-6.210248068242198e+33
-6.210245325938099e+33
-6.210242450812752e+33
-6.210239454937429e+33
-6.210236351342564e+33
-6.21023315401663e+33
-6.210229877894496e+33
-6.210226538833714e+33
-6.210223153577271e+33
-6.210219739701358e+33
-6.210216315547037e+33
-6.21021290013475e+33
-6.210209513061181e+33
-6.210206174378096e+33
-6.210202904453422e+33
-6.210199723815323e+33
-6.210196652980277e+33
-6.21019371226721e+33
-6.210190921599903e+33
-6.210188300300574e+33
-6.210185866878095e+33
-6.210183638814742e+33
-6.2101816323556e+33
-6.210179862305138e+33
-6.210178341835466e+33
-6.210177082310811e+33
-6.210176093132402e+33
-6.210175381607727e+33
-6.210174952847506e+33
-6.210174809693133e+33
-6.210174952676437e+33
-6.210175380012935e+33
-6.2101760876287e+33
-6.210177069220156e+33
-6.210178316345144e+33
-6.210179818542905e+33
-6.210181563479776e+33
-6.210183537117065e+33
-6.210185723896615e+33
-6.210188106940139e+33
-6.21019066825725e+33
-6.210193388958131e+33
-6.210196249466214e+33
-6.210199229727071e+33
-6.210202309409723e+33
-6.210205468097429e+33
-6.210208685465205e+33
-6.210211941442236e+33
-6.210215216357523e+33
-6.210218491068058e+33
-6.210221747069007e+33
-6.2102249665861e+33
-6.210228132650522e+33
-6.210231229157386e+33
-6.210234240908653e+33
-6.21023715364199e+33
-6.210239954046926e+33
-6.210242629769894e+33
-6.210245169409783e+33
-6.210247562505594e+33
-6.210249799517731e+33
-6.210251871804448e+33
-6.210253771594896e+33
-6.210255491959988e+33
-6.21025702678242e+33
-6.210258370726716e+33
-6.210259519210514e+33
-6.21026046837764e+33
-6.210261215073918e+33
-6.210261756826192e+33
-6.210262091825028e+33
-6.210262218911617e+33
-6.210262137568971e+33
-6.21026184791773e+33
-6.210261350716613e+33
-6.210260647367527e+33
-6.210259739925181e+33
-6.210258631111077e+33
-6.21025732433147e+33
-6.210255823699065e+33
-6.210254134057713e+33
-6.210252261009701e+33
-6.21025021094478e+33
-6.21024799107007e+33
-6.210245609439961e+33
-6.210243074984782e+33
-6.210240397537145e+33
-6.210237587854511e+33
-6.21023465763671e+33
-6.210231619536696e+33
-6.210228487163141e+33
-6.210225275073129e+33
-6.210221998753418e+33
-6.210218674588651e+33
-6.210215319815063e+33
-6.210211952458467e+33
-6.210208591255341e+33
-6.210205255556378e+33
-6.210201965212128e+33
-6.210198740440769e+33
-6.210195601678579e+33
-6.21019256941414e+33
-6.210189664007834e+33
-6.210186905498744e+33
-6.210184313401556e+33
-6.210181906496739e+33
-6.210179702617565e+33
-6.21017771843807e+33
-6.210175969266403e+33
-6.210174468847979e+33
-6.210173229183131e+33
-6.21017226036353e+33
-6.21017157043146e+33
-6.210171165265766e+33
-6.210171048497116e+33
-6.210171221455248e+33
-6.210171683149329e+33
-6.210172430282146e+33
-6.210173457297628e+33
-6.210174756460242e+33
-6.210176317964193e+33
-6.21017813006906e+33
-6.210180179258573e+33
-6.210182450418475e+33
-6.210184927029606e+33
-6.210187591372218e+33
-6.210190424737377e+33
-6.210193407641127e+33
-6.210196520036963e+33
-6.210199741522375e+33
-6.21020305153556e+33
-6.210206429539396e+33
-6.210209855190362e+33
-6.210213308490906e+33
-6.210216769924319e+33
-6.210220220571799e+33
-6.210223642211505e+33
-6.21022701740014e+33
-6.210230329537658e+33
-6.210233562916118e+33
-6.210236702753919e+33
-6.210239735216805e+33
-6.210242647427097e+33
-6.210245427462869e+33
-6.210248064348536e+33
-6.210250548038529e+33
-6.210252869395561e+33
-6.21025502016482e+33
-6.210256992945739e+33
-6.210258781162182e+33
-6.210260379032495e+33
-6.210261781540277e+33
-6.210262984406755e+33
-6.210263984065562e+33
-6.210264777640489e+33
-6.210265362926891e+33
-6.210265738376948e+33
-6.210265903089292e+33
-6.210265856803089e+33
-6.210265599896873e+33
-6.210265133391856e+33
-6.210264458959976e+33
-6.210263578936303e+33
-6.210262496335641e+33
-6.210261214872909e+33
-6.210259738986848e+33
-6.210258073866519e+33
-6.210256225479838e+33
-6.210254200603324e+33
-6.210252006852304e+33
-6.210249652710162e+33
-6.210247147555948e+33
-6.210244501688533e+33
-6.210241726346395e+33
-6.210238833721127e+33
-6.210235836963507e+33
-6.210232750180163e+33
-6.210229588419527e+33
-6.210226367645313e+33
-6.210223104696145e+33
-6.210219817229861e+33
-6.210216523651564e+33
-6.210213243024237e+33
-6.210209994961698e+33
-6.210206799503459e+33
-6.210203676971972e+33
-6.210200647813014e+33
-6.210197732420481e+33
-6.21019495094775e+33
-6.210192323107736e+33
-6.210189867964996e+33
-6.210187603723268e+33
-6.210185547512365e+33
-6.21018371517878e+33
-6.210182121084484e+33
-6.210180777918358e+33
-6.210179696524892e+33
-6.210178885754208e+33
-6.210178352337285e+33
-6.210178100789543e+33
-6.210178133345509e+33
-6.210178449926086e+33
-6.21017904813944e+33
-6.210179923315441e+33
-6.210181068572695e+33
-6.210182474916339e+33
-6.210184131364019e+33
-6.210186025096832e+33
-6.21018814163138e+33
-6.210190465008833e+33
-6.210192977996591e+33
-6.210195662297915e+33
-6.210198498765346e+33
-6.210201467613218e+33
-6.210204548625679e+33
-6.210207721356315e+33
-6.210210965316586e+33
-6.210214260150411e+33
-6.210217585793093e+33
-6.210220922613287e+33
-6.210224251537198e+33
-6.21022755415481e+33
-6.210230812808247e+33
-6.21023401066298e+33
-6.210237131762639e+33
-6.210240161068707e+33
-6.210243084486365e+33
-6.210245888877996e+33
-6.210248562065998e+33
-6.210251092826397e+33
-6.210253470874913e+33
-6.210255686847088e+33
-6.210257732273771e+33
-6.210259599553597e+33
-6.21026128192358e+33
-6.210262773428983e+33
-6.210264068893621e+33
-6.210265163891429e+33
-6.210266054720147e+33
-6.210266738377766e+33
-6.210267212542332e+33
-6.21026747555562e+33
-6.210267526410936e+33
-6.210267364745347e+33
-6.210266990836563e+33
-6.210266405604397e+33
-6.210265610616924e+33
-6.210264608101076e+33
-6.210263400957553e+33
-6.21026199277963e+33
-6.210260387875574e+33
-6.210258591293972e+33
-6.2102566088515e+33
-6.210254447162248e+33
-6.210252113667872e+33
-6.210249616667407e+33
-6.210246965345839e+33
-6.210244169799894e+33
-6.210241241059843e+33
-6.210238191105494e+33
-6.210235032874877e+33
-6.210231780263795e+33
-6.210228448114678e+33
-6.2102250521935e+33
-6.21022160915352e+33
-6.210218136484997e+33
-6.210214652449765e+33
-6.210211175999546e+33
-6.210207726677034e+33
-6.210204324498888e+33
-6.210200989820591e+33
-6.210197743183522e+33
-6.210194605145684e+33
-6.210191596097664e+33
-6.210188736066605e+33
-6.210186044510695e+33
-6.210183540107922e+33
-6.210181240542695e+33
-6.21017916229452e+33
-6.210177320433166e+33
-6.21017572842479e+33
-6.21017439795348e+33
-6.210173338762686e+33
-6.210172558520283e+33
-6.21017206271087e+33
-6.210171854558116e+33
-6.210171934979156e+33
-6.210172302572362e+33
-6.210172953638715e+33
-6.21017388223628e+33
-6.210175080266248e+33
-6.210176537588387e+33
-6.21017824216269e+33
-6.21018018021378e+33
-6.210182336413931e+33
-6.21018469408025e+33
-6.210187235381635e+33
-6.210189941550847e+33
-6.210192793097461e+33
-6.210195770017519e+33
-6.210198851996305e+33
-6.210202018600955e+33
-6.210205249460318e+33
-6.210208524429851e+33
-6.210211823740123e+33
-6.210215128127873e+33
-6.210218418949135e+33
-6.210221678274509e+33
-6.210224888966956e+33
-6.210228034742886e+33
-6.210231100217611e+33
-6.210234070936507e+33
-6.210236933393181e+33
-6.210239675036348e+33
-6.210242284266912e+33
-6.210244750426835e+33
-6.210247063781364e+33
-6.210249215496159e+33
-6.210251197610716e+33
-6.210253003009335e+33
-6.210254625391063e+33
-6.210256059239618e+33
-6.210257299794318e+33
-6.210258343022944e+33
-6.21025918559719e+33
-6.210259824871338e+33
-6.210260258864655e+33
-6.210260486247799e+33
-6.210260506333483e+33
-6.210260319071711e+33
-6.210259925049532e+33
-6.21025932549543e+33
-6.210258522288239e+33
-6.210257517970427e+33
-6.210256315765411e+33
-6.210254919598701e+33
-6.210253334122114e+33
-6.210251564740756e+33
-6.21024961764176e+33
-6.210247499824235e+33
-6.210245219129178e+33
-6.210242784268531e+33
-6.210240204851959e+33
-6.21023749141021e+33
-6.210234655413563e+33
-6.21023170928376e+33
-6.21022866639817e+33
-6.210225541084164e+33
-6.210222348602448e+33
-6.2102191051176e+33
-6.210215827654461e+33
-6.210212534038968e+33
-6.210209242822462e+33
-6.210205973188515e+33
-6.210202744841965e+33
-6.210199577879926e+33
-6.210196492645356e+33
-6.21019350956401e+33
-6.210190648966186e+33
-6.210187930895533e+33
-6.210185374907255e+33
-6.210182999859052e+33
-6.210180823698323e+33
-6.210178863249717e+33
-6.210177134007314e+33
-6.210175649935951e+33
-6.210174423286328e+33
-6.210173464428106e+33
-6.210172781705313e+33
-6.210172381317647e+33
-6.210172267230786e+33
-6.210172441118062e+33
-6.210172902335134e+33
-6.210173647928253e+33
-6.210174672675954e+33
-6.21017596916307e+33
-6.210177527885013e+33
-6.210179337379691e+33
-6.210181384383542e+33
-6.210183654007887e+33
-6.21018612993122e+33
-6.210188794603005e+33
-6.210191629454393e+33
-6.210194615111459e+33
-6.210197731606741e+33
-6.21020095858525e+33
-6.210204275501516e+33
-6.210207661804856e+33
-6.210211097110473e+33
-6.21021456135468e+33
-6.21021803493309e+33
-6.210221498820983e+33
-6.210224934675918e+33
-6.210228324922628e+33
-6.21023165282098e+33
-6.210234902517723e+33
-6.210238059083261e+33
-6.210241108534467e+33
-6.210244037845204e+33
-6.210246834945963e+33
-6.210249488714684e+33
-6.21025198896044e+33
-6.210254326402199e+33
-6.210256492644056e+33
-6.210258480148317e+33
-6.210260282207204e+33
-6.210261892914093e+33
-6.210263307134977e+33
-6.210264520480882e+33
-6.21026552928229e+33
-6.21026633056614e+33
-6.210266922036244e+33
-6.210267302057593e+33
-6.210267469645017e+33
-6.210267424456315e+33
-6.210267166790121e+33
-6.210266697588409e+33
-6.210266018443715e+33
-6.210265131610755e+33
-6.21026404002231e+33
-6.210262747308993e+33
-6.210261257822416e+33
-6.210259576661195e+33
-6.210257709699248e+33
-6.210255663615363e+33
-6.210253445923388e+33
-6.210251065001751e+33
-6.21024853012137e+33
-6.210245851470446e+33
-6.210243040174931e+33
-6.210240108313116e+33
-6.210237068922739e+33
-6.210233935999148e+33
-6.210230724482905e+33
-6.210227450235334e+33
-6.210224130000453e+33
-6.210220781352112e+33
-6.210217422624943e+33
-6.210214072828283e+33
-6.210210751542404e+33
-6.210207478796645e+33
-6.210204274929866e+33
-6.210201160433686e+33
-6.210198155779965e+33
-6.210195281234226e+33
-6.210192556657516e+33
-6.210190001299642e+33
-6.210187633587091e+33
-6.210185470909856e+33
-6.210183529410983e+33
-6.210181823783631e+33
-6.21018036708002e+33
-6.210179170536755e+33
-6.210178243420873e+33
-6.210177592900375e+33
-6.210177223942658e+33
-6.210177139243517e+33
-6.210177339188581e+33
-6.210177821848252e+33
-6.210178583006259e+33
-6.210179616221071e+33
-6.210180912918516e+33
-6.210182462513168e+33
-6.210184252555297e+33
-6.210186268899721e+33
-6.21018849589235e+33
-6.210190916569957e+33
-6.210193512868768e+33
-6.210196265837168e+33
-6.210199155848454e+33
-6.210202162809394e+33
-6.210205266361233e+33
-6.210208446069852e+33
-6.210211681602702e+33
-6.210214952890364e+33
-6.210218240271487e+33
-6.210221524620035e+33
-6.210224787454668e+33
-6.210228011030206e+33
-6.210231178411752e+33
-6.210234273532387e+33
-6.210237281235349e+33
-6.210240187302225e+33
-6.210242978468528e+33
-6.210245642428258e+33
-6.210248167828964e+33
-6.210250544259088e+33
-6.210252762228932e+33
-6.210254813146928e+33
-6.210256689292488e+33
-6.210258383786825e+33
-6.210259890562906e+33
-6.210261204335542e+33
-6.210262320572686e+33
-6.21026323546865e+33
-6.210263945920018e+33
-6.210264449504854e+33
-6.21026474446554e+33
-6.210264829695869e+33
-6.210264704732495e+33
-6.210264369750917e+33
-6.210263825566149e+33
-6.210263073638045e+33
-6.21026211608111e+33
-6.210260955678678e+33
-6.210259595901111e+33
-6.21025804092755e+33
-6.210256295670859e+33
-6.210254365804939e+33
-6.210252257793833e+33
-6.210249978921679e+33
-6.210247537322549e+33
-6.210244942009044e+33
-6.210242202898447e+33
-6.21023933083509e+33
-6.210236337607504e+33
-6.210233235958808e+33
-6.210230039588778e+33
-6.210226763146013e+33
-6.210223422208531e+33
-6.210220033251327e+33
-6.210216613599407e+33
-6.21021318136507e+33
-6.210209755368306e+33
-6.210206355039754e+33
-6.210203000305582e+33
-6.210199711454494e+33
-6.210196508987435e+33
-6.210193413450807e+33
-6.210190445255146e+33
-6.21018762448112e+33
-6.21018497067588e+33
-6.21018250264284e+33
-6.210180238228623e+33
-6.210178194111246e+33
-6.210176385593658e+33
-6.210174826406991e+33
-6.210173528527929e+33
-6.21017250201457e+33
-6.210171754865171e+33
-6.210171292903847e+33
-6.21017111969672e+33
-6.210171236500843e+33
-6.210171642247247e+33
-6.210172333557987e+33
-6.210173304796404e+33
-6.210174548149016e+33
-6.210176053736743e+33
-6.210177809752846e+33
-6.210179802623998e+33
-6.210182017190705e+33
-6.210184436902741e+33
-6.210187044024996e+33
-6.210189819849359e+33
-6.21019274490807e+33
-6.210195799184453e+33
-6.210198962317295e+33
-6.210202213795587e+33
-6.210205533140809e+33
-6.210208900074554e+33
-6.210212294669962e+33
-6.210215697485728e+33
-6.210219089682296e+33
-6.210222453120022e+33
-6.210225770439888e+33
-6.21022902512721e+33
-6.210232201559687e+33
-6.210235285040773e+33
-6.21023826181999e+33
-6.210241119101651e+33
-6.210243845043528e+33
-6.210246428747163e+33
-6.210248860241337e+33
-6.210251130460164e+33
-6.210253231217365e+33
-6.210255155177929e+33
-6.210256895828493e+33
-6.210258447447435e+33
-6.210259805075773e+33
-6.210260964489737e+33
-6.210261922175639e+33
-6.210262675307908e+33
-6.210263221730551e+33
-6.210263559942672e+33
-6.21026368908829e+33
-6.210263608950645e+33
-6.210263319951145e+33
-6.21026282315297e+33
-6.21026212026928e+33
-6.21026121367582e+33
-6.210260106427672e+33
-6.210258802279842e+33
-6.210257305711092e+33
-6.210255621950526e+33
-6.210253757006185e+33
-6.210251717694905e+33
-6.210249511672374e+33
-6.210247147462442e+33
-6.21024463448446e+33
-6.210241983077327e+33
-6.210239204518897e+33
-6.210236311039274e+33
-6.210233315826263e+33
-6.210230233021647e+33
-6.210227077706471e+33
-6.210223865873894e+33
-6.210220614388007e+33
-6.21021734092741e+33
-6.210214063912323e+33
-6.210210802414393e+33
-6.210207576048716e+33
-6.210204404847791e+33
-6.210201309117952e+33
-6.210198309278925e+33
-6.210195425687979e+33
-6.210192678450635e+33
-6.210190087220406e+33
-6.210187670990566e+33
-6.21018544788171e+33
-6.210183434928782e+33
-6.210181647872162e+33
-6.210180100957015e+33
-6.210178806745706e+33
-6.210177775947546e+33
-6.210177017270106e+33
-6.210176537295909e+33
-6.210176340387685e+33
-6.210176428624597e+33
-6.210176801771344e+33
-6.210177457280796e+33
-6.210178390330149e+33
-6.21017959388966e+33
-6.210181058822113e+33
-6.210182774010327e+33
-6.210184726509481e+33
-6.210186901720419e+33
-6.210189283579641e+33
-6.210191854761487e+33
-6.210194596888118e+33
-6.210197490742686e+33
-6.21020051648144e+33
-6.210203653841014e+33
-6.210206882337217e+33
-6.210210181452504e+33
-6.210213530809636e+33
-6.210216910329702e+33
-6.210220300373147e+33
-6.21022368186312e+33
-6.210227036390903e+33
-6.210230346303381e+33
-6.210233594773524e+33
-6.210236765854324e+33
-6.210239844517727e+33
-6.210242816679684e+33
-6.210245669212963e+33
-6.210248389949298e+33
-6.210250967672541e+33
-6.210253392104415e+33
-6.210255653884455e+33
-6.210257744545642e+33
-6.210259656486926e+33
-6.21026138294408e+33
-6.210262917959809e+33
-6.210264256354232e+33
-6.210265393696731e+33
-6.210266326279709e+33
-6.2102670510953e+33
-6.210267565815392e+33
-6.210267868775549e+33
-6.210267958963203e+33
-6.210267836010297e+33
-6.210267500190726e+33
-6.210266952422227e+33
-6.210266194272924e+33
-6.210265227971985e+33
-6.210264056424198e+33
-6.210262683227967e+33
-6.210261112696721e+33
-6.21025934988317e+33
-6.210257400606406e+33
-6.210255271481227e+33
-6.210252969948767e+33
-6.210250504307264e+33
-6.210247883741369e+33
-6.210245118348437e+33
-6.210242219160412e+33
-6.21023919815969e+33
-6.210236068287622e+33
-6.210232843444267e+33
-6.210229538477779e+33
-6.210226169162048e+33
-6.210222752160939e+33
-6.210219304977896e+33
-6.210215845889513e+33
-6.210212393862216e+33
-6.210208968451236e+33
-6.210205589681698e+33
-6.210202277911837e+33
-6.210199053679026e+33
-6.210195937529827e+33
-6.210192949835687e+33
-6.210190110596555e+33
-6.21018743923547e+33
-6.210184954387232e+33
-6.210182673685034e+33
-6.210180613549475e+33
-6.210178788983919e+33
-6.210177213381247e+33
-6.210175898346043e+33
-6.210174853536915e+33
-6.210174086532582e+33
-6.210173602725413e+33
-6.210173405245047e+33
-6.210173494914202e+33
-6.21017387023791e+33
-6.210174527426289e+33
-6.210175460450463e+33
-6.210176661129963e+33
-6.21017811924935e+33
-6.210179822701001e+33
-6.21018175765043e+33
-6.210183908720039e+33
-6.210186259186846e+33
-6.210188791189842e+33
-6.210191485942134e+33
-6.210194323943953e+33
-6.210197285192066e+33
-6.210200349382175e+33
-6.2102034961011e+33
-6.210206705005986e+33
-6.210209955988564e+33
-6.210213229322914e+33
-6.210216505795694e+33
-6.210219766818551e+33
-6.210222994522556e+33
-6.210226171835229e+33
-6.210229282540886e+33
-6.210232311325383e+33
-6.210235243806628e+33
-6.210238066552146e+33
-6.210240767085425e+33
-6.210243333882525e+33
-6.210245756360621e+33
-6.21024802485998e+33
-6.210250130620962e+33
-6.210252065757409e+33
-6.210253823227719e+33
-6.210255396804937e+33
-6.210256781046764e+33
-6.210257971266643e+33
-6.210258963506616e+33
-6.2102597545128e+33
-6.210260341713968e+33
-6.210260723203851e+33
-6.210260897727489e+33
-6.210260864671982e+33
-6.210260624061696e+33
-6.210260176558247e+33
-6.210259523465092e+33
-6.210258666736615e+33
-6.21025760899168e+33
-6.210256353531178e+33
-6.210254904359251e+33
-6.210253266207694e+33
-6.210251444562779e+33
-6.210249445694028e+33
-6.210247276683781e+33
-6.210244945456957e+33
-6.210242460809666e+33
-6.210239832435775e+33
-6.210237070949913e+33
-6.210234187905709e+33
-6.210231195807557e+33
-6.210228108114461e+33
-6.210224939234179e+33
-6.210221704506115e+33
-6.210218420171373e+33
-6.210215103328466e+33
-6.210211771873455e+33
-6.210208444423407e+33
-6.210205140222409e+33
-6.210201879029701e+33
-6.21019868098989e+33
-6.21019556648566e+33
-6.210192555973993e+33
-6.210189669807306e+33
-6.21018692804164e+33
-6.210184350234537e+33
-6.210181955235682e+33
-6.210179760974059e+33
-6.210177784245576e+33
-6.210176040505598e+33
-6.210174543670791e+33
-6.210173305934865e+33
-6.210172337602653e+33
-6.210171646946522e+33
-6.210171240088928e+33
-6.210171120914002e+33
-6.210171291010687e+33
-6.210171749648796e+33
-6.210172493788759e+33
-6.210173518124743e+33
-6.210174815159915e+33
-6.210176375312058e+33
-6.210178187046542e+33
-6.210180237033423e+33
-6.210182510324674e+33
-6.210184990547274e+33
-6.210187660107675e+33
-6.210190500403058e+33
-6.210193492034779e+33
-6.210196615019702e+33
-6.210199848995411e+33
-6.21020317341581e+33
-6.210206567734545e+33
-6.21021001157404e+33
-6.210213484879171e+33
-6.2102169680546e+33
-6.210220442085091e+33
-6.21022388863857e+33
-6.210227290151579e+33
-6.210230629897406e+33
-6.210233892037714e+33
-6.210237061658789e+33
-6.210240124794061e+33
-6.210243068434499e+33
-6.21024588052863e+33
-6.21024854997391e+33
-6.210251066600963e+33
-6.210253421152401e+33
-6.210255605257403e+33
-6.210257611403714e+33
-6.210259432907989e+33
-6.210261063885841e+33
-6.210262499222494e+33
-6.21026373454492e+33
-6.210264766196298e+33
-6.210265591213454e+33
-6.210266207307642e+33
-6.210266612849429e+33
-6.21026680685769e+33
-6.210266788993193e+33
-6.210266559556718e+33
-6.21026611949191e+33
-6.21026547039268e+33
-6.210264614515088e+33
-6.210263554793409e+33
-6.210262294860096e+33
-6.21026083906907e+33
-6.210259192521923e+33
-6.210257361096187e+33
-6.210255351475065e+33
-6.21025317117752e+33
-6.210250828587824e+33
-6.210248332983336e+33
-6.210245694559224e+33
-6.210242924448836e+33
-6.210240034738139e+33
-6.210237038472702e+33
-6.210233949655711e+33
-6.210230783235291e+33
-6.210227555079629e+33
-6.210224281938357e+33
-6.210220981388891e+33
-6.21021767176647e+33
-6.210214372077008e+33
-6.210211101892199e+33
-6.210207881226655e+33
-6.21020473039722e+33
-6.210201669865447e+33
-6.210198720064204e+33
-6.210195901210515e+33
-6.210193233106914e+33
-6.210190734934288e+33
-6.210188425039652e+33
-6.210186320722718e+33
-6.210184438025613e+33
-6.210182791529986e+33
-6.210181394166395e+33
-6.210180257040183e+33
-6.210179389278442e+33
-6.210178797901768e+33
-6.210178487724266e+33
-6.210178461284346e+33
-6.210178718808164e+33
-6.210179258206619e+33
-6.210180075105944e+33
-6.210181162910999e+33
-6.210182512899653e+33
-6.210184114345653e+33
-6.210185954667016e+33
-6.210188019595839e+33
-6.210190293365797e+33
-6.210192758912557e+33
-6.210195398082758e+33
-6.210198191846963e+33
-6.210201120512284e+33
-6.210204163930848e+33
-6.210207301700315e+33
-6.210210513353533e+33
-6.21021377853477e+33
-6.210217077160546e+33
-6.210220389563658e+33
-6.210223696619583e+33
-6.210226979854972e+33
-6.210230221538164e+33
-6.210233404752517e+33
-6.210236513453206e+33
-6.21023953250871e+33
-6.210242447728262e+33
-6.210245245876844e+33
-6.210247914679156e+33
-6.210250442814362e+33
-6.210252819902887e+33
-6.21025503648724e+33
-6.210257084008002e+33
-6.21025895477656e+33
-6.210260641945824e+33
-6.210262139480204e+33
-6.21026344212571e+33
-6.210264545381357e+33
-6.21026544547248e+33
-6.210266139326831e+33
-6.210266624553938e+33
-6.210266899428229e+33
-6.2102669628763e+33
-6.210266814468581e+33
-6.210266454415664e+33
-6.210265883569119e+33
-6.21026510342715e+33
-6.210264116144602e+33
-6.210262924547382e+33
-6.210261532150833e+33
-6.210259943181726e+33
-6.210258162603272e+33
-6.210256196142598e+33
-6.210254050319899e+33
-6.210251732478385e+33
-6.21024925081403e+33
-6.210246614404076e+33
-6.210243833232987e+33
-6.210240918214486e+33
-6.210237881208389e+33
-6.210234735030538e+33
-6.210231493454435e+33
-6.210228171202865e+33
-6.21022478392804e+33
-6.210221348178578e+33
-6.210217881352084e+33
-6.210214401631736e+33
-6.210210927905862e+33
-6.21020747966953e+33
-6.210204076907642e+33
-6.210200739959672e+33
-6.210197489366746e+33
-6.210194345702766e+33
-6.210191329391575e+33
-6.210188460512594e+33
-6.210185758597668e+33
-6.210183242421888e+33
-6.210180929791664e+33
-6.210178837333895e+33
-6.210176980290453e+33
-6.210175372322718e+33
-6.210174025330686e+33
-6.21017294929141e+33
-6.210172152120615e+33
-6.210171639561372e+33
-6.210171415102476e+33
-6.210171479928834e+33
-6.210171832905129e+33
-6.210172470593174e+33
-6.210173387302466e+33
-6.210174575172571e+33
-6.21017602428519e+33
-6.21017772280284e+33
-6.210179657130811e+33
-6.210181812098141e+33
-6.210184171153451e+33
-6.210186716570971e+33
-6.21018942966231e+33
-6.210192290989629e+33
-6.21019528057596e+33
-6.21019837810909e+33
-6.210201563135606e+33
-6.210204815242437e+33
-6.210208114223606e+33
-6.210211440230699e+33
-6.210214773905876e+33
-6.21021809649703e+33
-6.210221389955048e+33
-6.210224637013617e+33
-6.210227821252319e+33
-6.210230927143991e+33
-6.210233940087831e+33
-6.210236846429273e+33
-6.210239633468384e+33
-6.210242289458257e+33
-6.210244803594946e+33
-6.210247166000569e+33
-6.210249367701086e+33
-6.210251400600226e+33
-6.210253257450899e+33
-6.210254931825305e+33
-6.210256418085e+33
-6.210257711351672e+33
-6.210258807479735e+33
-6.210259703031333e+33
-6.210260395254412e+33
-6.210260882064421e+33
-6.210261162030048e+33
-6.210261234363225e+33
-6.210261098913628e+33
-6.210260756167933e+33
-6.210260207253636e+33
-6.210259453947427e+33
-6.210258498688055e+33
-6.210257344593257e+33
-6.210255995480467e+33
-6.21025445589081e+33
-6.210252731115739e+33
-6.210250827225765e+33
-6.210248751100218e+33
-6.210246510457333e+33
-6.210244113883453e+33
-6.210241570860191e+33
-6.21023889178826e+33
-6.210236088006644e+33
-6.210233171805423e+33
-6.210230156430932e+33
-6.210227056081421e+33
-6.210223885891837e+33
-6.210220661905957e+33
-6.210217401034587e+33
-6.210214120998297e+33
-6.210210840253778e+33
-6.210207577902802e+33
-6.210204353583364e+33
-6.210201187342893e+33
-6.210198099493817e+33
-6.210195110452401e+33
-6.210192240562257e+33
-6.210189509904523e+33
-6.210186938097137e+33
-6.210184544086503e+33
-6.210182345934834e+33
-6.21018036060747e+33
-6.210178603764194e+33
-6.210177089559253e+33
-6.210175830454527e+33
-6.210174837050187e+33
-6.210174117937306e+33
-6.210173679575807e+33
-6.210173526201153e+33
-6.210173659762217e+33
-6.210174079891923e+33
-6.210174783911472e+33
-6.210175766868155e+33
-6.210177021605563e+33
-6.210178538864393e+33
-6.210180307411282e+33
-6.210182314192175e+33
-6.210184544506479e+33
-6.210186982197744e+33
-6.210189609856347e+33
-6.210192409029664e+33
-6.210195360435292e+33
-6.21019844417302e+33
-6.210201639931784e+33
-6.210204927187958e+33
-6.210208285392254e+33
-6.210211694142609e+33
-6.21021513334144e+33
-6.21021858333578e+33
-6.210222025039805e+33
-6.210225440039268e+33
-6.21022881067826e+33
-6.21023212012877e+33
-6.210235352444103e+33
-6.210238492597148e+33
-6.210241526505091e+33
-6.210244441041923e+33
-6.210247224040472e+33
-6.210249864285419e+33
-6.210252351499109e+33
-6.210254676321452e+33
-6.210256830285479e+33
-6.210258805789843e+33
-6.210260596069187e+33
-6.210262195163717e+33
-6.21026359788871e+33
-6.210264799805219e+33
-6.210265797192974e+33
-6.210266587026569e+33
-6.210267166955669e+33
-6.210267535289818e+33
-6.210267690987851e+33
-6.210267633651781e+33
-6.210267363525098e+33
-6.210266881495187e+33
-6.210266189099956e+33
-6.210265288538611e+33
-6.21026418268657e+33
-6.210262875114202e+33
-6.210261370109308e+33
-6.210259672702557e+33
-6.210257788695453e+33
-6.21025572468991e+33
-6.210253488118445e+33
-6.210251087274038e+33
-6.210248531338371e+33
-6.210245830407208e+33
-6.210242995511591e+33
-6.210240038633332e+33
-6.210236972713343e+33
-6.210233811651153e+33
-6.210230570294158e+33
-6.210227264414828e+33
-6.210223910674534e+33
-6.210220526572516e+33
-6.21021713037877e+33
-6.210213741049956e+33
-6.210210378127545e+33
-6.210207061618115e+33
-6.210203811855786e+33
-6.210200649347443e+33
-6.210197594602141e+33
-6.210194667946167e+33
-6.210191889326269e+33
-6.210189278103857e+33
-6.21018685284349e+33
-6.210184631099641e+33
-6.210182629205768e+33
-6.21018086207023e+33
-6.210179342983491e+33
-6.210178083441204e+33
-6.210177092987412e+33
-6.210176379081772e+33
-6.210175946994284e+33
-6.210175799730245e+33
-6.210175937987416e+33
-6.210176360146627e+33
-6.210177062295998e+33
-6.210178038288154e+33
-6.210179279828927e+33
-6.210180776595193e+33
-6.210182516378759e+33
-6.21018448525259e+33
-6.210186667755432e+33
-6.210189047090179e+33
-6.210191605331681e+33
-6.210194323639284e+33
-6.210197182469892e+33
-6.2102001617874e+33
-6.210203241264865e+33
-6.210206400476374e+33
-6.210209619075711e+33
-6.210212876960084e+33
-6.210216154417136e+33
-6.210219432254506e+33
-6.2102226919114e+33
-6.210225915552216e+33
-6.210229086142828e+33
-6.21023218751015e+33
-6.210235204386185e+33
-6.210238122437796e+33
-6.210240928283768e+33
-6.210243609500587e+33
-6.210246154618576e+33
-6.210248553110099e+33
-6.210250795371196e+33
-6.210252872698358e+33
-6.210254777261736e+33
-6.210256502076136e+33
-6.210258040970985e+33
-6.210259388560421e+33
-6.210260540214361e+33
-6.210261492031452e+33
-6.210262240814635e+33
-6.210262784049899e+33
-6.210263119888708e+33
-6.21026324713453e+33
-6.210263165233733e+33
-6.210262874271055e+33
-6.210262374969657e+33
-6.210261668695907e+33
-6.210260757468676e+33
-6.210259643972969e+33
-6.210258331577635e+33
-6.210256824356774e+33
-6.210255127114247e+33
-6.210253245410813e+33
-6.210251185593006e+33
-6.210248954823059e+33
-6.210246561108818e+33
-6.210244013332521e+33
-6.210241321277378e+33
-6.210238495650432e+33
-6.210235548100462e+33
-6.210232491229266e+33
-6.210229338594896e+33
-6.21022610470508e+33
-6.210222804999403e+33
-6.210219455818581e+33
-6.2102160743594e+33
-6.210212678614036e+33
-6.210209287292793e+33
-6.210205919729146e+33
-6.210202595767069e+33
-6.210199335630219e+33
-6.210196159773655e+33
-6.210193088719004e+33
-6.210190142874426e+33
-6.210187342341876e+33
-6.210184706713958e+33
-6.210182254863871e+33
-6.210180004732198e+33
-6.210177973114445e+33
-6.210176175453828e+33
-6.210174625643766e+33
-6.210173335844559e+33
-6.210172316318631e+33
-6.210171575288384e+33
-6.210171118820387e+33
-6.210170950738734e+33
-6.210171072569948e+33
-6.210171483520586e+33
-6.210172180488109e+33
-6.21017315810451e+33
-6.210174408811728e+33
-6.210175922967093e+33
-6.210177688976615e+33
-6.210179693453123e+33
-6.21018192139519e+33
-6.210184356382431e+33
-6.210186980782017e+33
-6.210189775961321e+33
-6.210192722502229e+33
-6.21019580041266e+33
-6.210198989331978e+33
-6.210202268726855e+33
-6.210205618075051e+33
-6.210209017034948e+33
-6.210212445598957e+33
-6.210215884229947e+33
-6.210219313979773e+33
-6.210222716589876e+33
-6.210226074574351e+33
-6.210229371285833e+33
-6.210232590965672e+33
-6.21023571877902e+33
-6.210238740836842e+33
-6.21024164420585e+33
-6.21024441690835e+33
-6.21024704791334e+33
-6.210249527120662e+33
-6.210251845339491e+33
-6.210253994262867e+33
-6.210255966439501e+33
-6.210257755244072e+33
-6.210259354847253e+33
-6.210260760186355e+33
-6.21026196693759e+33
-6.210262971490657e+33
-6.210263770926257e+33
-6.210264362997187e+33
-6.210264746113341e+33
-6.210264919331004e+33
-6.210264882346642e+33
-6.210264635495293e+33
-6.210264179753645e+33
-6.21026351674771e+33
-6.210262648764927e+33
-6.210261578770443e+33
-6.210260310427255e+33
-6.210258848119701e+33
-6.210257196979751e+33
-6.210255362915433e+33
-6.210253352640548e+33
-6.210251173704793e+33
-6.21024883452323e+33
-6.210246344403938e+33
-6.210243713572575e+33
-6.21024095319242e+33
-6.210238075378513e+33
-6.210235093204217e+33
-6.210232020698675e+33
-6.210228872833625e+33
-6.210225665497778e+33
-6.210222415457567e+33
-6.210219140302618e+33
-6.210215858375008e+33
-6.21021258868122e+33
-6.210209350786383e+33
-6.210206164690482e+33
-6.210203050686904e+33
-6.210200029203995e+33
-6.210197120631017e+33
-6.210194345130381e+33
-6.21019172243852e+33
-6.210189271658454e+33
-6.210187011047601e+33
-6.210184957804598e+33
-6.21018312785954e+33
-6.210181535672061e+33
-6.210180194041745e+33
-6.210179113935422e+33
-6.210178304335574e+33
-6.210177772113544e+33
-6.210177521931041e+33
-6.210177556172397e+33
-6.210177874909381e+33
-6.21017847589967e+33
-6.210179354618849e+33
-6.210180504325142e+33
-6.210181916155196e+33
-6.210183579248334e+33
-6.210185480896019e+33
-6.210187606712805e+33
-6.210189940824504e+33
-6.210192466069126e+33
-6.210195164206028e+33
-6.210198016128771e+33
-6.210201002077444e+33
-6.210204101846467e+33
-6.210207294984541e+33
-6.210210560983541e+33
-6.21021387945405e+33
-6.210217230285596e+33
-6.210220593790037e+33
-6.210223950827467e+33
-6.210227282914041e+33
-6.210230572311935e+33
-6.210233802102001e+33
-6.210236956239867e+33
-6.210240019596755e+33
-6.210242977986325e+33
-6.210245818179049e+33
-6.210248527905707e+33
-6.210251095851655e+33
-6.210253511643355e+33
-6.210255765828891e+33
-6.210257849853816e+33
-6.21025975603373e+33
-6.210261477525059e+33
-6.210263008294935e+33
-6.210264343091458e+33
-6.210265477415152e+33
-6.210266407492472e+33
-6.210267130252077e+33
-6.210267643304341e+33
-6.210267944924718e+33
-6.210268034041269e+33
-6.210267910226528e+33
-6.210267573694016e+33
-6.210267025299413e+33
-6.210266266546294e+33
-6.210265299596487e+33
-6.210264127284688e+33
-6.210262753137152e+33
-6.210261181393928e+33
-6.210259417034307e+33
-6.210257465804619e+33
-6.21025533424778e+33
-6.210253029733439e+33
-6.210250560487683e+33
-6.210247935621004e+33
-6.21024516515318e+33
-6.210242260033857e+33
-6.210239232157643e+33
-6.210236094372638e+33
-6.210232860481069e+33
-6.210229545230724e+33
-6.210226164295302e+33
-6.210222734241711e+33
-6.210219272482693e+33
-6.210215797213116e+33
-6.210212327328963e+33
-6.210208882328383e+33
-6.210205482194608e+33
-6.210202147260982e+33
-6.210198898058755e+33
-6.210195755148726e+33
-6.210192738938444e+33
-6.210189869487173e+33
-6.210187166301341e+33
-6.210184648123786e+33
-6.210182332720575e+33
-6.210180236669433e+33
-6.210178375154306e+33
-6.210176761770474e+33
-6.210175408344786e+33
-6.210174324775388e+33
-6.21017351889481e+33
-6.210172996360109e+33
-6.210172760572798e+33
-6.210172812630756e+33
-6.2101731513134e+33
-6.210173773100539e+33
-6.210174672224366e+33
-6.210175840753166e+33
-6.210177268704626e+33
-6.210178944185618e+33
-6.210180853555065e+33
-6.210182981605608e+33
-6.210185311759967e+33
-6.210187826277251e+33
-6.210190506464861e+33
-6.210193332891454e+33
-6.210196285597045e+33
-6.21019934429637e+33
-6.210202488572382e+33
-6.210205698057177e+33
-6.21020895259805e+33
-6.210212232407312e+33
-6.210215518194638e+33
-6.21021879128158e+33
-6.210222033698181e+33
-6.210225228261981e+33
-6.21022835864038e+33
-6.210231409397136e+33
-6.210234366024534e+33
-6.210237214962429e+33
-6.210239943605857e+33
-6.210242540302805e+33
-6.210244994343593e+33
-6.21024729594367e+33
-6.210249436221125e+33
-6.210251407170533e+33
-6.210253201634324e+33
-6.210254813272908e+33
-6.210256236534745e+33
-6.2102574666272e+33
-6.210258499489099e+33
-6.210259331765709e+33
-6.210259960786773e+33
-6.210260384548168e+33
-6.21026060169755e+33
-6.210260611524454e+33
-6.210260413954993e+33
-6.210260009551254e+33
-6.210259399515509e+33
-6.210258585698954e+33
-6.210257570614883e+33
-6.210256357455951e+33
-6.210254950115104e+33
-6.210253353209704e+33
-6.210251572108286e+33
-6.210249612959224e+33
-6.210247482720524e+33
-6.210245189189726e+33
-6.210242741033015e+33
-6.21024014781214e+33
-6.210237420008086e+33
-6.210234569039819e+33
-6.210231607276888e+33
-6.210228548044026e+33
-6.210225405616468e+33
-6.21022219520406e+33
-6.210218932922889e+33
-6.210215635752709e+33
-6.210212321479051e+33
-6.210209008618757e+33
-6.21020571632818e+33
-6.210202464293568e+33
-6.210199272603426e+33
-6.210196161603355e+33
-6.210193151734253e+33
-6.210190263355118e+33
-6.210187516552772e+33
-6.210184930940772e+33
-6.210182525450724e+33
-6.210180318119744e+33
-6.210178325877716e+33
-6.210176564339039e+33
-6.210175047603114e+33
-6.210173788068179e+33
-6.210172796262952e+33
-6.210172080700184e+33
-6.210171647755874e+33
-6.210171501577304e+33
-6.210171644022216e+33
-6.210172074630986e+33
-6.210172790632301e+33
-6.210173786982334e+33
-6.210175056436335e+33
-6.210176589650709e+33
-6.21017837531288e+33
-6.210180400295649e+33
-6.210182649832072e+33
-6.210185107706652e+33
-6.210187756458405e+33
-6.210190577591139e+33
-6.210193551786626e+33
-6.210196659116384e+33
-6.210199879248259e+33
-6.210203191644326e+33
-6.210206575747265e+33
-6.210210011152893e+33
-6.210213477766839e+33
-6.210216955944363e+33
-6.210220426612211e+33
-6.210223871372378e+33
-6.210227272587697e+33
-6.210230613449915e+33
-6.2102338780312e+33
-6.210237051320647e+33
-6.210240119247541e+33
-6.210243068693239e+33
-6.210245887493283e+33
-6.210248564431231e+33
-6.210251089225293e+33
-6.210253452508996e+33
-6.210255645807122e+33
-6.210257661508203e+33
-6.210259492835016e+33
-6.21026113381438e+33
-6.210262579247349e+33
-6.210263824680889e+33
-6.210264866381822e+33
-6.210265701313673e+33
-6.210266327117041e+33
-6.210266742093856e+33
-6.210266945195927e+33
-6.210266936017883e+33
-6.210266714794799e+33
-6.210266282404462e+33
-6.21026564037419e+33
-6.210264790892231e+33
-6.210263736823296e+33
-6.210262481728052e+33
-6.210261029886e+33
-6.210259386321377e+33
-6.210257556831164e+33
-6.210255548014648e+33
-6.210253367303585e+33
-6.21025102299174e+33
-6.210248524263028e+33
-6.210245881216684e+33
-6.210243104888208e+33
-6.210240207264642e+33
-6.210237201292633e+33
-6.210234100877566e+33
-6.210230920872353e+33
-6.210227677054011e+33
-6.210224386086758e+33
-6.210221065470057e+33
-6.210217733470455e+33
-6.210214409036287e+33
-6.210211111694749e+33
-6.21020786143095e+33
-6.210204678549335e+33
-6.210201583518122e+33
-6.210198596797972e+33
-6.210195738656602e+33
-6.210193028971611e+33
-6.210190487024477e+33
-6.210188131288979e+33
-6.210185979217956e+33
-6.21018404703265e+33
-6.210182349518965e+33
-6.210180899835409e+33
-6.210179709337006e+33
-6.210178787419666e+33
-6.210178141388762e+33
-6.210177776355428e+33
-6.210177695163227e+33
-6.210177898347223e+33
-6.210178384126405e+33
-6.210179148429907e+33
-6.21018018495603e+33
-6.210181485262736e+33
-6.210183038887019e+33
-6.210184833490205e+33
-6.210186855025337e+33
-6.210189087922606e+33
-6.21019151528841e+33
-6.210194119113398e+33
-6.210196880485172e+33
-6.210199779801111e+33
-6.210202796977469e+33
-6.210205911651033e+33
-6.210209103370238e+33
-6.210212351773132e+33
-6.210215636750177e+33
-6.210218938590424e+33
-6.210222238110112e+33
-6.210225516763354e+33
-6.21022875673492e+33
-6.210231941015622e+33
-6.210235053461139e+33
-6.210238078835318e+33
-6.210241002839378e+33
-6.210243812128275e+33
-6.210246494316088e+33
-6.21024903797169e+33
-6.210251432606619e+33
-6.210253668656449e+33
-6.210255737457365e+33
-6.210257631219219e+33
-6.21025934299646e+33
-6.21026086665812e+33
-6.210262196857837e+33
-6.210263329005067e+33
-6.210264259238158e+33
-6.210264984399986e+33
-6.210265502016932e+33
-6.210265810281485e+33
-6.210265908038958e+33
-6.21026579477865e+33
-6.210265470629473e+33
-6.210264936360318e+33
-6.210264193384997e+33
-6.210263243771785e+33
-6.210262090257254e+33
-6.210260736264207e+33
-6.210259185923187e+33
-6.210257444097207e+33
-6.2102555164089e+33
-6.210253409269585e+33
-6.210251129909109e+33
-6.21024868640578e+33
-6.210246087715058e+33
-6.210243343695971e+33
-6.21024046513376e+33
-6.210237463757472e+33
-6.210234352250873e+33
-6.210231144255179e+33
-6.210227854361981e+33
-6.210224498094642e+33
-6.210221091876936e+33
-6.21021765298709e+33
-6.21021419949621e+33
-6.21021075018999e+33
-6.210207324472873e+33
-6.210203942254429e+33
-6.210200623817694e+33
-6.21019738967029e+33
-6.21019426037917e+33
-6.210191256390453e+33
-6.210188397836484e+33
-6.210185704332575e+33
-6.210183194766456e+33
-6.210180887083963e+33
-6.210178798075184e+33
-6.210176943165688e+33
-6.210175336217902e+33
-6.210173989347734e+33
-6.210172912760959e+33
-6.210172114613298e+33
-6.210171600897211e+33
-6.210171375358048e+33
-6.210171439441353e+33
-6.210171792272782e+33
-6.21017243067118e+33
-6.210173349194868e+33
-6.21017454021973e+33
-6.210175994047372e+33
-6.21017769904039e+33
-6.210179641781343e+33
-6.210181807251542e+33
-6.210184179025247e+33
-6.210186739474902e+33
-6.210189469982748e+33
-6.21019235115444e+33
-6.210195363030393e+33
-6.210198485291034e+33
-6.210201697452618e+33
-6.210204979050717e+33
-6.210208309809162e+33
-6.210211669792852e+33
-6.210215039543146e+33
-6.210218400195483e+33
-6.210221733579037e+33
-6.210225022298682e+33
-6.21022824980007e+33
-6.2102314004188e+33
-6.210234459414898e+33
-6.210237412993952e+33
-6.210240248316614e+33
-6.210242953497861e+33
-6.21024551759769e+33
-6.210247930604921e+33
-6.210250183415447e+33
-6.210252267806596e+33
-6.210254176408767e+33
-6.210255902675726e+33
-6.21025744085455e+33
-6.210258785956411e+33
-6.210259933728841e+33
-6.210260880630417e+33
-6.210261623808513e+33
-6.210262161080476e+33
-6.210262490918864e+33
-6.210262612440927e+33
-6.210262525402607e+33
-6.21026223019713e+33
-6.210261727858369e+33
-6.210261020068633e+33
-6.210260109171058e+33
-6.21025899818604e+33
-6.210257690831565e+33
-6.210256191546855e+33
-6.210254505518769e+33
-6.21025263871031e+33
-6.210250597890448e+33
-6.210248390664176e+33
-6.210246025501977e+33
-6.210243511767378e+33
-6.21024085974127e+33
-6.210238080641802e+33
-6.210235186638075e+33
-6.210232190856354e+33
-6.210229107376989e+33
-6.21022595122059e+33
-6.210222738321716e+33
-6.210219485488774e+33
-6.210216210348647e+33
-6.210212931274901e+33
-6.210209667298799e+33
-6.210206438002436e+33
-6.21020326339393e+33
-6.210200163764956e+33
-6.210197159531408e+33
-6.210194271058569e+33
-6.210191518472635e+33
-6.210188921461234e+33
-6.210186499065721e+33
-6.210184269469008e+33
-6.210182249782632e+33
-6.210180455837563e+33
-6.210178901982975e+33
-6.210177600897724e+33
-6.210176563418839e+33
-6.210175798391286e+33
-6.210175312542782e+33
-6.210175110386942e+33
-6.21017519415728e+33
-6.21017556377383e+33
-6.210176216843324e+33
-6.210177148692922e+33
-6.210178352436552e+33
-6.210179819072159e+33
-6.210181537607197e+33
-6.210183495209241e+33
-6.210185677377804e+33
-6.210188068133188e+33
-6.210190650218006e+33
-6.2101934053066e+33
-6.210196314218131e+33
-6.210199357128952e+33
-6.210202513780305e+33
-6.210205763677842e+33
-6.21020908628006e+33
-6.210212461172995e+33
-6.210215868229445e+33
-6.21021928775125e+33
-6.210222700593966e+33
-6.210226088273553e+33
-6.210229433055239e+33
-6.210232718025201e+33
-6.210235927145893e+33
-6.210239045296148e+33
-6.210242058297478e+33
-6.210244952927982e+33
-6.210247716925453e+33
-6.210250338981265e+33
-6.210252808726601e+33
-6.210255116712623e+33
-6.210257254386013e+33
-6.210259214061327e+33
-6.210260988891449e+33
-6.210262572837536e+33
-6.210263960639237e+33
-6.21026514778654e+33
-6.210266130493712e+33
-6.210266905676217e+33
-6.210267470930984e+33
-6.210267824520409e+33
-6.210267965360311e+33
-6.210267893011858e+33
-6.210267607677705e+33
-6.210267110202328e+33
-6.21026640207679e+33
-6.210265485448264e+33
-6.210264363134356e+33
-6.210263038642063e+33
-6.210261516190957e+33
-6.210259800739638e+33
-6.210257898014476e+33
-6.210255814539691e+33
-6.210253557667724e+33
-6.210251135609016e+33
-6.2102485574601e+33
-6.210245833229048e+33
-6.210242973856877e+33
-6.210239991233586e+33
-6.210236898207314e+33
-6.210233708584942e+33
-6.210230437122653e+33
-6.210227099504747e+33
-6.21022371230915e+33
-6.210220292958291e+33
-6.210216859654026e+33
-6.210213431295629e+33
-6.210210027380159e+33
-6.210206667884878e+33
-6.210203373131778e+33
-6.210200163634895e+33
-6.210197059931485e+33
-6.210194082398679e+33
-6.210191251057975e+33
-6.210188585370351e+33
-6.210186104025229e+33
-6.210183824727149e+33
-6.21018176398439e+33
-6.21017993690375e+33
-6.210178356996187e+33
-6.210177035997714e+33
-6.210175983710079e+33
-6.21017520786485e+33
-6.210174714014799e+33
-6.210174505455189e+33
-6.210174583177047e+33
-6.210174945853853e+33
-6.210175589861826e+33
-6.210176509333364e+33
-6.210177696242143e+33
-6.210179140517616e+33
-6.210180830186034e+33
-6.210182751534109e+33
-6.210184889291607e+33
-6.210187226828235e+33
-6.210189746360306e+33
-6.210192429162884e+33
-6.210195255782725e+33
-6.210198206248192e+33
-6.210201260272368e+33
-6.210204397445983e+33
-6.210207597417834e+33
-6.210210840060166e+33
-6.210214105617771e+33
-6.21021737483954e+33
-6.210220629092248e+33
-6.210223850456327e+33
-6.210227021804217e+33
-6.210230126861902e+33
-6.210233150254826e+33
-6.210236077539368e+33
-6.2102388952214e+33
-6.210241590763372e+33
-6.210244152581604e+33
-6.210246570035387e+33
-6.21024883340936e+33
-6.21025093389085e+33
-6.210252863543441e+33
-6.21025461527822e+33
-6.210256182823787e+33
-6.210257560696341e+33
-6.210258744170546e+33
-6.210259729252267e+33
-6.210260512653741e+33
-6.210261091771978e+33
-6.210261464670668e+33
-6.210261630066258e+33
-6.210261587318256e+33
-6.21026133642414e+33
-6.210260878018899e+33
-6.210260213379206e+33
-6.210259344432179e+33
-6.210258273768501e+33
-6.210257004659694e+33
-6.21025554107906e+33
-6.210253887725905e+33
-6.210252050052362e+33
-6.210250034292218e+33
-6.210247847490715e+33
-6.210245497534552e+33
-6.210242993180884e+33
-6.210240344084157e+33
-6.210237560819376e+33
-6.210234654900541e+33
-6.210231638792518e+33
-6.210228525915105e+33
-6.210225330637472e+33
-6.210222068261588e+33
-6.210218754993061e+33
-6.21021540789793e+33
-6.210212044844086e+33
-6.210208684426246e+33
-6.210205345873438e+33
-6.21020204893871e+33
-6.210198813770798e+33
-6.210195660768147e+33
-6.21019261041633e+33
-6.210189683110184e+33
-6.210186898962821e+33
-6.210184277604077e+33
-6.2101818379715e+33
-6.210179598097508e+33
-6.210177574896842e+33
-6.210175783958425e+33
-6.210174239346349e+33
-6.210172953414358e+33
-6.210171936638335e+33
-6.210171197470869e+33
-6.210170742221692e+33
-6.210170574966934e+33
-6.210170697489818e+33
-6.210171109254196e+33
-6.210171807411806e+33
-6.210172786842978e+33
-6.210174040229786e+33
-6.210175558159672e+33
-6.21017732925683e+33
-6.210179340337901e+33
-6.210181576587942e+33
-6.210184021752253e+33
-6.210186658339245e+33
-6.210189467830059e+33
-6.210192430890282e+33
-6.210195527580252e+33
-6.210198737560531e+33
-6.210202040289327e+33
-6.210205415209248e+33
-6.210208841920356e+33
-6.210212300337611e+33
-6.210215770830733e+33
-6.210219234345814e+33
-6.210222672508454e+33
-6.21022606770882e+33
-6.210229403169498e+33
-6.210232662997149e+33
-6.210235832219346e+33
-6.210238896807868e+33
-6.210241843690125e+33
-6.210244660750073e+33
-6.210247336820434e+33
-6.210249861667596e+33
-6.210252225970835e+33
-6.210254421297282e+33
-6.210256440074037e+33
-6.210258275558625e+33
-6.210259921809015e+33
-6.210261373654145e+33
-6.21026262666597e+33
-6.210263677133685e+33
-6.210264522040884e+33
-6.210265159046163e+33
-6.210265586467633e+33
-6.210265803271614e+33
-6.210265809065908e+33
-6.210265604097582e+33
-6.210265189255458e+33
-6.21026456607723e+33
-6.210263736761026e+33
-6.210262704181172e+33
-6.210261471907897e+33
-6.21026004423042e+33
-6.21025842618295e+33
-6.210256623572843e+33
-6.210254643010297e+33
-6.210252491938408e+33
-6.210250178662822e+33
-6.210247712379714e+33
-6.210245103200764e+33
-6.210242362173941e+33
-6.210239501298356e+33
-6.21023653353198e+33
-6.210233472790289e+33
-6.210230333934484e+33
-6.210227132747556e+33
-6.210223885896774e+33
-6.210220610881182e+33
-6.21021732596287e+33
-6.210214050081164e+33
-6.21021080274906e+33
-6.210207603931665e+33
-6.210204473906856e+33
-6.210201433108897e+33
-6.210198501956185e+33
-6.210195700665009e+33
-6.210193049051662e+33
-6.21019056632578e+33
-6.21018827087851e+33
-6.210186180069164e+33
-6.210184310014777e+33
-6.210182675386858e+33
-6.210181289220043e+33
-6.210180162736966e+33
-6.210179305193597e+33
-6.210178723749125e+33
-6.210178423363428e+33
-6.210178406725104e+33
-6.210178674211882e+33
-6.210179223884542e+33
-6.21018005151466e+33
-6.210181150645313e+33
-6.210182512683242e+33
-6.210184127020012e+33
-6.210185981178845e+33
-6.210188060983457e+33
-6.210190350744634e+33
-6.210192833460112e+33
-6.210195491023205e+33
-6.210198304435694e+33
-6.210201254020682e+33
-6.210204319631463e+33
-6.210207480852737e+33
-6.21021071719115e+33
-6.210214008252609e+33
-6.210217333904297e+33
-6.210220674419986e+33
-6.210224010607767e+33
-6.210227323919878e+33
-6.210230596544557e+33
-6.210233811480645e+33
-6.210236952595552e+33
-6.210240004667819e+33
-6.210242953415633e+33
-6.210245785512647e+33
-6.210248488592757e+33
-6.210251051245393e+33
-6.210253463002986e+33
-6.210255714322089e+33
-6.210257796559712e+33
-6.210259701946258e+33
-6.210261423556395e+33
-6.210262955278992e+33
-6.210264291787234e+33
-6.210265428509904e+33
-6.21026636160454e+33
-6.210267087933324e+33
-6.210267605042196e+33
-6.210267911143691e+33
-6.21026800510391e+33
-6.210267886433878e+33
-6.210267555285487e+33
-6.210267012452072e+33
-6.210266259373644e+33
-6.21026529814663e+33
-6.210264131538e+33
-6.210262763003325e+33
-6.210261196708525e+33
-6.210259437554702e+33
-6.210257491205442e+33
-6.210255364115825e+33
-6.210253063562376e+33
-6.210250597672876e+33
-6.210247975455024e+33
-6.21024520682264e+33
-6.210242302618285e+33
-6.210239274630636e+33
-6.210236135605262e+33
-6.210232899247189e+33
-6.210229580213412e+33
-6.210226194093757e+33
-6.210222757378267e+33
-6.210219287409604e+33
-6.21021580231926e+33
-6.210212320946768e+33
-6.210208862741674e+33
-6.210205447648226e+33
-6.210202095973165e+33
-6.210198828236758e+33
-6.210195665007902e+33
-6.210192626724292e+33
-6.210189733499607e+33
-6.210187004920246e+33
-6.210184459835134e+33
-6.210182116142279e+33
-6.210179990576432e+33
-6.210178098502429e+33
-6.210176453718523e+33
-6.210175068274474e+33
-6.210173952308644e+33
-6.210173113908103e+33
-6.210172558995312e+33
-6.210172291244461e+33
-6.210172312029385e+33
-6.210172620404817e+33
-6.210173213121125e+33
-6.210174084672463e+33
-6.210175227376741e+33
-6.210176631485506e+33
-6.210178285320744e+33
-6.210180175435142e+33
-6.210182286791739e+33
-6.210184602958716e+33
-6.210187106314803e+33
-6.210189778260639e+33
-6.210192599431941e+33
-6.210195549910063e+33
-6.210198609426423e+33
-6.210201757557361e+33
-6.210204973906662e+33
-6.210208238273631e+33
-6.210211530804904e+33
-6.210214832129035e+33
-6.210218123473217e+33
-6.210221386762021e+33
-6.210224604698553e+33
-6.210227760828629e+33
-6.210230839589055e+33
-6.210233826341264e+33
-6.210236707391659e+33
-6.210239470000395e+33
-6.210242102380076e+33
-6.210244593686122e+33
-6.210246934000344e+33
-6.21024911430918e+33
-6.210251126478152e+33
-6.21025296322363e+33
-6.210254618083265e+33
-6.210256085386174e+33
-6.2102573602237e+33
-6.21025843842193e+33
-6.210259316516412e+33
-6.210259991730005e+33
-6.210260461954183e+33
-6.210260725734442e+33
-6.210260782259873e+33
-6.210260631357359e+33
-6.210260273490353e+33
-6.210259709762362e+33
-6.210258941924963e+33
-6.210257972390314e+33
-6.210256804247729e+33
-6.210255441284161e+33
-6.210253888007877e+33
-6.210252149674956e+33
-6.210250232317842e+33
-6.210248142775024e+33
-6.210245888721108e+33
-6.210243478696134e+33
-6.21024092213287e+33
-6.210238229380977e+33
-6.210235411726486e+33
-6.210232481405188e+33
-6.210229451608393e+33
-6.210226336479359e+33
-6.210223151098923e+33
-6.21021991145866e+33
-6.210216634420116e+33
-6.210213337658817e+33
-6.210210039591861e+33
-6.210206759288202e+33
-6.210203516361175e+33
-6.210200330843022e+33
-6.210197223041786e+33
-6.210194213381419e+33
-6.210191322226316e+33
-6.210188569692483e+33
-6.210185975447558e+33
-6.210183558502874e+33
-6.210181337001078e+33
-6.210179328003278e+33
-6.210177547279944e+33
-6.210176009110079e+33
-6.210174726093276e+33
-6.210173708978937e+33
-6.21017296651703e+33
-6.210172505334055e+33
-6.210172329837455e+33
-6.210172442151077e+33
-6.210172842083244e+33
-6.210173527128505e+33
-6.210174492502865e+33
-6.21017573121162e+33
-6.210177234147948e+33
-6.210178990219653e+33
-6.210180986500885e+33
-6.210183208404782e+33
-6.210185639873091e+33
-6.210188263578045e+33
-6.210191061132146e+33
-6.210194013301257e+33
-6.210197100216841e+33
-6.210200301583313e+33
-6.210203596877189e+33
-6.210206965534808e+33
-6.210210387126425e+33
-6.210213841514615e+33
-6.210217308995766e+33
-6.21022077042389e+33
-6.210224207316481e+33
-6.210227601942606e+33
-6.210230937393866e+33
-6.21023419763906e+33
-6.210237367563868e+33
-6.210240432996733e+33
-6.210243380722562e+33
-6.21024619848565e+33
-6.210248874983298e+33
-6.210251399851658e+33
-6.210253763645137e+33
-6.210255957810933e+33
-6.210257974660352e+33
-6.210259807338489e+33
-6.210261449793718e+33
-6.21026289674841e+33
-6.210264143671531e+33
-6.210265186753703e+33
-6.21026602288497e+33
-6.210266649635682e+33
-6.210267065240697e+33
-6.210267268587468e+33
-6.21026725920832e+33
-6.210267037277176e+33
-6.21026660361103e+33
-6.210265959676034e+33
-6.210265107598157e+33
-6.210264050178205e+33
-6.210262790910749e+33
-6.210261334006548e+33
-6.210259684417968e+33
-6.210257847866638e+33
-6.210255830872578e+33
-6.21025364078408e+33
-6.210251285807259e+33
-6.210248775034169e+33
-6.210246118468373e+33
-6.210243327046512e+33
-6.210240412654472e+33
-6.210237388136493e+33
-6.210234267295714e+33
-6.210231064884377e+33
-6.210227796582164e+33
-6.210224478961127e+33
-6.210221129435861e+33
-6.210217766197606e+33
-6.210214408131354e+33
-6.210211074715394e+33
-6.210207785902786e+33
-6.210204561985091e+33
-6.210201423438863e+33
-6.210198390756067e+33
-6.210195484260119e+33
-6.210192723909894e+33
-6.210190129094418e+33
-6.21018771842167e+33
-6.210185509505251e+33
-6.210183518753173e+33
-6.210181761163041e+33
-6.210180250128309e+33
-6.21017899726006e+33
-6.210178012228583e+33
-6.210177302628795e+33
-6.210176873872945e+33
-6.210176729113332e+33
-6.210176869197226e+33
-6.210177292655144e+33
-6.210177995722733e+33
-6.210178972395813e+33
-6.210180214516959e+33
-6.210181711891404e+33
-6.21018345242921e+33
-6.210185422310079e+33
-6.210187606166722e+33
-6.210189987282368e+33
-6.210192547797921e+33
-6.210195268924246e+33
-6.21019813115517e+33
-6.210201114477184e+33
-6.210204198572183e+33
-6.210207363009983e+33
-6.210210587428057e+33
-6.210213851696239e+33
-6.210217136065034e+33
-6.2102204212964e+33
-6.210223688776676e+33
-6.210226920611523e+33
-6.210230099703475e+33
-6.210233209812731e+33
-6.210236235602335e+33
-6.210239162668994e+33
-6.210241977561069e+33
-6.210244667785124e+33
-6.210247221802833e+33
-6.210249629019647e+33
-6.21025187976695e+33
-6.210253965279164e+33
-6.210255877667168e+33
-6.210257609889455e+33
-6.210259155722192e+33
-6.210260509729229e+33
-6.21026166723315e+33
-6.210262624288056e+33
-6.210263377654945e+33
-6.210263924780259e+33
-6.210264263778018e+33
-6.210264393416085e+33
-6.210264313106709e+33
-6.21026402290163e+33
-6.210263523491786e+33
-6.210262816211714e+33
-6.210261903048324e+33
-6.210260786654269e+33
-6.210259470365096e+33
-6.210257958220308e+33
-6.210256254987506e+33
-6.210254366189138e+33
-6.210252298131155e+33
-6.210250057932767e+33
-6.210247653556243e+33
-6.210245093835803e+33
-6.210242388504351e+33
-6.210239548216732e+33
-6.210236584568081e+33
-6.210233510105805e+33
-6.210230338333576e+33
-6.210227083705707e+33
-6.21022376161034e+33
-6.210220388339853e+33
-6.210216981047008e+33
-6.21021355768558e+33
-6.21021013693428e+33
-6.210206738103262e+33
-6.210203381022679e+33
-6.210200085913284e+33
-6.210196873239481e+33
-6.210193763545756e+33
-6.210190777277975e+33
-6.210187934591642e+33
-6.210185255149642e+33
-6.210182757912723e+33
-6.210180460926236e+33
-6.210178381107373e+33
-6.21017653403706e+33
-6.210174933761192e+33
-6.210173592605795e+33
-6.210172521010253e+33
-6.210171727382883e+33
-6.210171217982117e+33
-6.210170996826314e+33
-6.210171065634719e+33
-6.210171423801332e+33
-6.210172068402953e+33
-6.210172994241535e+33
-6.210174193919845e+33
-6.210175657948001e+33
-6.210177374877794e+33
-6.210179331460731e+33
-6.210181512825748e+33
-6.210183902672259e+33
-6.210186483474194e+33
-6.210189236690684e+33
-6.210192142979214e+33
-6.210195182406903e+33
-6.210198334656358e+33
-6.210201579222485e+33
-6.210204895597569e+33
-6.210208263442028e+33
-6.210211662739356e+33
-6.210215073933797e+33
-6.210218478050286e+33
-6.210221856796355e+33
-6.210225192646354e+33
-6.210228468908671e+33
-6.210231669776781e+33
-6.210234780365536e+33
-6.210237786733886e+33
-6.210240675895748e+33
-6.210243435820407e+33
-6.210246055424296e+33
-6.210248524555439e+33
-6.210250833972431e+33
-6.210252975319146e+33
-6.210254941096678e+33
-6.210256724633705e+33
-6.21025832005651e+33
-6.210259722259531e+33
-6.210260926877481e+33
-6.210261930259689e+33
-6.210262729447444e+33
-6.210263322154741e+33
-6.210263706753023e+33
-6.210263882260137e+33
-6.210263848333757e+33
-6.210263605269479e+33
-6.210263154003524e+33
-6.210262496120083e+33
-6.210261633863084e+33
-6.210260570152215e+33
-6.21025930860277e+33
-6.210257853548891e+33
-6.210256210069709e+33
-6.210254384017596e+33
-6.210252382047844e+33
-6.210250211648769e+33
-6.210247881171268e+33
-6.210245399856645e+33
-6.210242777861436e+33
-6.210240026277833e+33
-6.210237157148262e+33
-6.210234183472632e+33
-6.210231119206428e+33
-6.21022797924841e+33
-6.210224779415935e+33
-6.210221536406743e+33
-6.210218267745625e+33
-6.210214991714864e+33
-6.210211727267517e+33
-6.210208493922972e+33
-6.210205311644476e+33
-6.210202200698981e+33
-6.210199181499914e+33
-6.210196274434276e+33
-6.210193499675779e+33
-6.210190876986518e+33
-6.2101884255101e+33
-6.210186163559622e+33
-6.210184108404534e+33
-6.210182276060501e+33
-6.210180681086802e+33
-6.210179336395702e+33
-6.210178253078453e+33
-6.210177440252024e+33
-6.210176904930436e+33
-6.210176651924134e+33
-6.210176683769929e+33
-6.210177000693475e+33
-6.210177600605185e+33
-6.210178479129861e+33
-6.210179629669038e+33
-6.21018104349456e+33
-6.21018270987077e+33
-6.210184616202245e+33
-6.210186748203235e+33
-6.210189090084746e+33
-6.21019162475472e+33
-6.210194334026915e+33
-6.210197198833739e+33
-6.210200199439058e+33
-6.210203315646754e+33
-6.210206527001409e+33
-6.210209812978282e+33
-6.210213153159703e+33
-6.210216527396138e+33
-6.210219915950456e+33
-6.210223299624556e+33
-6.210226659868101e+33
-6.210229978869449e+33
-6.210233239629467e+33
-6.210236426018882e+33
-6.210239522820393e+33
-6.210242515756838e+33
-6.210245391506698e+33
-6.210248137708666e+33
-6.210250742956688e+33
-6.21025319678716e+33
-6.210255489659895e+33
-6.210257612934252e+33
-6.210259558841976e+33
-6.210261320457986e+33
-6.210262891670264e+33
-6.210264267150106e+33
-6.210265442323368e+33
-6.210266413343848e+33
-6.21026717706929e+33
-6.210267731040664e+33
-6.210268073465232e+33
-6.210268203203749e+33
-6.210268119762066e+33
-6.210267823287353e+33
-6.210267314569052e+33
-6.210266595044464e+33
-6.210265666808991e+33
-6.210264532630736e+33
-6.210263195969043e+33
-6.210261660996586e+33
-6.210259932624179e+33
-6.210258016527662e+33
-6.210255919176059e+33
-6.210253647860238e+33
-6.210251210721436e+33
-6.210248616778995e+33
-6.210245875956203e+33
-6.210242999103157e+33
-6.210239998014755e+33
-6.210236885442088e+33
-6.210233675095202e+33
-6.210230381635495e+33
-6.210227020656172e+33
-6.210223608649258e+33
-6.210220162958e+33
-6.210216701713434e+33
-6.210213243754168e+33
-6.210209808528715e+33
-6.21020641597994e+33
-6.210203086411697e+33
-6.210199840338132e+33
-6.210196698316753e+33
-6.210193680766775e+33
-6.210190807774968e+33
-6.210188098891793e+33
-6.210185572920939e+33
-6.210183247706147e+33
-6.21018113991939e+33
-6.210179264854708e+33
-6.21017763623236e+33
-6.21017626601774e+33
-6.210175164259421e+33
-6.210174338950365e+33
-6.210173795915824e+33
-6.210173538730979e+33
-6.210173568670323e+33
-6.210173884690289e+33
-6.21017448344555e+33
-6.210175359338529e+33
-6.210176504600806e+33
-6.21017790940424e+33
-6.210179561998906e+33
-6.21018144887431e+33
-6.210183554939857e+33
-6.210185863720196e+33
-6.210188357561011e+33
-6.210191017840603e+33
-6.210193825182971e+33
-6.210196759668273e+33
-6.210199801036798e+33
-6.210202928883372e+33
-6.210206122839272e+33
-6.210209362739498e+33
-6.210212628773849e+33
-6.210215901620637e+33
-6.210219162562576e+33
-6.210222393584675e+33
-6.210225577454639e+33
-6.210228697786378e+33
-6.210231739087736e+33
-6.210234686793624e+33
-6.210237527286063e+33
-6.210240247902541e+33
-6.210242836934459e+33
-6.210245283617089e+33
-6.210247578112745e+33
-6.210249711488622e+33
-6.210251675690795e+33
-6.210253463515686e+33
-6.210255068580202e+33
-6.210256485291783e+33
-6.210257708819181e+33
-6.210258735064956e+33
-6.210259560640436e+33
-6.210260182843661e+33
-6.210260599641012e+33
-6.210260809652694e+33
-6.210260812142601e+33
-6.210260607012514e+33
-6.210260194801043e+33
-6.210259576687032e+33
-6.210258754497588e+33
-6.210257730720469e+33
-6.210256508520745e+33
-6.210255091761231e+33
-6.210253485026381e+33
-6.210251693648912e+33
-6.210249723738581e+33
-6.210247582212096e+33
-6.210245276823298e+33
-6.210242816192454e+33
-6.210240209833565e+33
-6.210237468178258e+33
-6.210234602595023e+33
-6.210231625402234e+33
-6.210228549873419e+33
-6.210225390233201e+33
-6.210222161642338e+33
-6.210218880170215e+33
-6.210215562753442e+33
-6.210212227139091e+33
-6.210208891811519e+33
-6.210205575901856e+33
-6.21020229907975e+33
-6.210199081427075e+33
-6.210195943294071e+33
-6.210192905138692e+33
-6.210189987350615e+33
-6.210187210061743e+33
-6.210184592945871e+33
-6.210182155010496e+33
-6.210179914384307e+33
-6.210177888104424e+33
-6.210176091907582e+33
-6.210174540029747e+33
-6.210173245018863e+33
-6.210172217564928e+33
-6.210171466351759e+33
-6.210170997934124e+33
-6.210170816643507e+33
-6.210170924524841e+33
-6.21017132130611e+33
-6.210172004401481e+33
-6.210172968947932e+33
-6.21017420787444e+33
-6.210175712001758e+33
-6.21017747017029e+33
-6.210179469392664e+33
-6.21018169502717e+33
-6.210184130967899e+33
-6.210186759847041e+33
-6.210189563244917e+33
-6.210192521903224e+33
-6.210195615937289e+33
-6.210198825043482e+33
-6.210202128698108e+33
-6.210205506344871e+33
-6.210208937568179e+33
-6.210212402250368e+33
-6.21021588071148e+33
-6.210219353830994e+33
-6.210222803151673e+33
-6.210226210966135e+33
-6.210229560387035e+33
-6.210232835401844e+33
-6.210236020913043e+33
-6.210239102764735e+33
-6.210242067756651e+33
-6.210244903647133e+33
-6.210247599146521e+33
-6.210250143902831e+33
-6.210252528481329e+33
-6.210254744339627e+33
-6.21025678379989e+33
-6.210258640019208e+33
-6.210260306959523e+33
-6.210261779358038e+33
-6.210263052698941e+33
-6.210264123187402e+33
-6.210264987726325e+33
-6.210265643896518e+33
-6.21026608994069e+33
-6.210266324751689e+33
-6.210266347865126e+33
-6.210266159456649e+33
-6.210265760343819e+33
-6.210265151992663e+33
-6.210264336528675e+33
-6.21026331675208e+33
-6.210262096157059e+33
-6.210260678954424e+33
-6.21025907009727e+33
-6.210257275308961e+33
-6.210255301112538e+33
-6.210253154860891e+33
-6.210250844766466e+33
-6.210248379929479e+33
-6.210245770363365e+33
-6.210243027016099e+33
-6.210240161785913e+33
-6.210237187529919e+33
-6.210234118063982e+33
-6.210230968152289e+33
-6.210227753485079e+33
-6.210224490642815e+33
-6.210221197045664e+33
-6.210217890886873e+33
-6.210214591049068e+33
-6.210211317002947e+33
-6.210208088687824e+33
-6.210204926374347e+33
-6.21020185050995e+33
-6.210198881548175e+33
-6.210196039763734e+33
-6.210193345055593e+33
-6.210190816740995e+33
-6.210188473343932e+33
-6.210186332381824e+33
-6.210184410154582e+33
-6.210182721540501e+33
-6.21018127980343e+33
-6.210180096415616e+33
-6.210179180900583e+33
-6.210178540699969e+33
-6.210178181067731e+33
-6.210178104994508e+33
-6.210178313164234e+33
-6.210178803944159e+33
-6.210179573408514e+33
-6.210180615395271e+33
-6.210181921594329e+33
-6.210183481664994e+33
-6.210185283379461e+33
-6.210187312788821e+33
-6.210189554407352e+33
-6.21019199141074e+33
-6.210194605843758e+33
-6.210197378832719e+33
-6.210200290798574e+33
-6.21020332166636e+33
-6.21020645106761e+33
-6.210209658532336e+33
-6.210212923668084e+33
-6.210216226323891e+33
-6.210219546737742e+33
-6.210222865666519e+33
-6.210226164497983e+33
-6.210229425344863e+33
-6.210232631121523e+33
-6.210235765603964e+33
-6.210238813474204e+33
-6.210241760350473e+33
-6.210244592804496e+33
-6.210247298367593e+33
-6.21024986552704e+33
-6.210252283714455e+33
-6.21025454328756e+33
-6.210256635507101e+33
-6.2102585525101e+33
-6.210260287280926e+33
-6.210261833621244e+33
-6.210263186120119e+33
-6.210264340125029e+33
-6.210265291714792e+33
-6.210266037675046e+33
-6.210266575476906e+33
-6.210266903259348e+33
-6.210267019815592e+33
-6.210266924583919e+33
-6.210266617643021e+33
-6.210266099711962e+33
-6.210265372154844e+33
-6.210264436990022e+33
-6.210263296903606e+33
-6.210261955267114e+33
-6.21026041615881e+33
-6.210258684388129e+33
-6.210256765522766e+33
-6.210254665917563e+33
-6.210252392744357e+33
-6.210249954021971e+33
-6.210247358644975e+33
-6.210244616410337e+33
-6.210241738040339e+33
-6.210238735200605e+33
-6.210235620511498e+33
-6.210232407551496e+33
-6.210229110850801e+33
-6.210225745873715e+33
-6.21022232898818e+33
-6.210218877420994e+33
-6.210215409197611e+33
-6.210211943065212e+33
-6.210208498398484e+33
-6.210205095087454e+33
-6.210201753407382e+33
-6.210198493870898e+33
-6.210195337063128e+33
-6.210192303461316e+33
-6.210189413240953e+33
-6.210186686071498e+33
-6.210184140905324e+33
-6.210181795763979e+33
-6.210179667526168e+33
-6.210177771721444e+33
-6.21017612233375e+33
-6.210174731618862e+33
-6.210173609939704e+33
-6.210172765623775e+33
-6.210172204846259e+33
-6.210171931542242e+33
-6.210171947350334e+33
-6.21017225158942e+33
-6.210172841269233e+33
-6.210173711134294e+33
-6.210174853740162e+33
-6.210176259559884e+33
-6.210177917117825e+33
-6.210179813147342e+33
-6.210181932768464e+33
-6.210184259681099e+33
-6.210186776369395e+33
-6.210189464312535e+33
-6.210192304197777e+33
-6.210195276131429e+33
-6.210198359844131e+33
-6.210201534886976e+33
-6.21020478081586e+33
-6.210208077361611e+33
-6.210211404584178e+33
-6.210214743009664e+33
-6.210218073749539e+33
-6.210221378601843e+33
-6.210224640134584e+33
-6.210227841752195e+33
-6.210230967745797e+33
-6.210234003328742e+33
-6.210236934658678e+33
-6.210239748847781e+33
-6.210242433962697e+33
-6.210244979015809e+33
-6.210247373949456e+33
-6.210249609614575e+33
-6.210251677745226e+33
-6.210253570930439e+33
-6.210255282584543e+33
-6.210256806917102e+33
-6.210258138903577e+33
-6.210259274257486e+33
-6.210260209404868e+33
-6.210260941461745e+33
-6.210261468215071e+33
-6.210261788107618e+33
-6.210261900227105e+33
-6.210261804299879e+33
-6.210261500689154e+33
-6.21026099039795e+33
-6.210260275076605e+33
-6.210259357034774e+33
-6.210258239257554e+33
-6.21025692542553e+33
-6.210255419938123e+33
-6.210253727939827e+33
-6.210251855348512e+33
-6.210249808885119e+33
-6.210247596103725e+33
-6.210245225421019e+33
-6.210242706143967e+33
-6.21024004849441e+33
-6.21023726362924e+33
-6.210234363654614e+33
-6.210231361632707e+33
-6.210228271579414e+33
-6.21022510845135e+33
-6.210221888120604e+33
-6.210218627335779e+33
-6.210215343667823e+33
-6.210212055439733e+33
-6.21020878163894e+33
-6.210205541811958e+33
-6.210202355941107e+33
-6.210199244303465e+33
-6.210196227312921e+33
-6.210193325346491e+33
-6.210190558556956e+33
-6.210187946674028e+33
-6.210185508797224e+33
-6.210183263183712e+33
-6.210181227035362e+33
-6.210179416288859e+33
-6.210177845413656e+33
-6.210176527222206e+33
-6.210175472696851e+33
-6.210174690837779e+33
-6.210174188535741e+33
-6.210173970472885e+33
-6.210174039054359e+33
-6.210174394372375e+33
-6.210175034203939e+33
-6.210175954042007e+33
-6.210177147159536e+33
-6.210178604704499e+33
-6.210180315823403e+33
-6.210182267810198e+33
-6.210184446276677e+33
-6.210186835340227e+33
-6.210189417824609e+33
-6.210192175468944e+33
-6.210195089140697e+33
-6.210198139048313e+33
-6.210201304949326e+33
-6.210204566350722e+33
-6.210207902698256e+33
-6.210211293552301e+33
-6.210214718748315e+33
-6.210218158540463e+33
-6.210221593727656e+33
-6.210225005761591e+33
-6.210228376836997e+33
-6.210231689964561e+33
-6.210234929027339e+33
-6.210238078822055e+33
-6.210241125086188e+33
-6.210244054512705e+33
-6.210246854753859e+33
-6.210249514415593e+33
-6.21025202304431e+33
-6.2102543711075e+33
-6.210256549969744e+33
-6.210258551865471e+33
-6.210260369869904e+33
-6.210261997869188e+33
-6.21026343053081e+33
-6.210264663275112e+33
-6.210265692248529e+33
-6.210266514299257e+33
-6.210267126955757e+33
-6.210267528408928e+33
-6.210267717498365e+33
-6.210267693703637e+33
-6.210267457140775e+33
-6.210267008564231e+33
-6.210266349373952e+33
-6.210265481627075e+33
-6.210264408053738e+33
-6.210263132076339e+33
-6.210261657831996e+33
-6.210259990197554e+33
-6.210258134816965e+33
-6.210256098130086e+33
-6.210253887402424e+33
-6.210251510754678e+33
-6.210248977191056e+33
-6.210246296625108e+33
-6.210243479901704e+33
-6.210240538813794e+33
-6.21023748611219e+33
-6.210234335507053e+33
-6.210231101659266e+33
-6.210227800160232e+33
-6.210224447498434e+33
-6.210221061011472e+33
-6.210217658822194e+33
-6.210214259758017e+33
-6.210210883252603e+33
-6.210207549229632e+33
-6.210204277968686e+33
-6.210201089953812e+33
-6.210198005705834e+33
-6.210195045600096e+33
-6.210192229671727e+33
-6.210189577411369e+33
-6.210187107554477e+33
-6.210184837868086e+33
-6.210182784939019e+33
-6.210180963968137e+33
-6.210179388574979e+33
-6.210178070617374e+33
-6.210177020030402e+33
-6.210176244688717e+33
-6.210175750295683e+33
-6.210175540302335e+33
-6.21017561585824e+33
-6.21017597579561e+33
-6.210176616647127e+33
-6.210177532696868e+33
-6.21017871606318e+33
-6.210180156811087e+33
-6.210181843091337e+33
-6.210183761302722e+33
-6.210185896273225e+33
-6.210188231456144e+33
-6.210190749136157e+33
-6.210193430641246e+33
-6.210196256555765e+33
-6.210199206930733e+33
-6.210202261487575e+33
-6.210205399812032e+33
-6.210208601535517e+33
-6.210211846501785e+33
-6.210215114917268e+33
-6.210218387484064e+33
-6.21022164551498e+33
-6.210224871030731e+33
-6.210228046839526e+33
-6.210231156599923e+33
-6.210234184867766e+33
-6.210237117128793e+33
-6.210239939818052e+33
-6.210242640327796e+33
-6.210245207005478e+33
-6.210247629143355e+33
-6.210249896961371e+33
-6.210252001584749e+33
-6.210253935017831e+33
-6.21025569011546e+33
-6.210257260552991e+33
-6.210258640796348e+33
-6.2102598260728e+33
-6.210260812343503e+33
-6.210261596278488e+33
-6.210262175234746e+33
-6.210262547237869e+33
-6.210262710967805e+33
-6.210262665748814e+33
-6.210262411544048e+33
-6.210261948954671e+33
-6.210261279223749e+33
-6.210260404244626e+33
-6.210259326573698e+33
-6.210258049447413e+33
-6.210256576802885e+33
-6.21025491330189e+33
-6.210253064357478e+33
-6.210251036162601e+33
-6.210248835719879e+33
-6.210246470871575e+33
-6.210243950328745e+33
-6.210241283698273e+33
-6.210238481506685e+33
-6.210235555219114e+33
-6.210232517252048e+33
-6.210229380978263e+33
-6.210226160722315e+33
-6.210222871744968e+33
-6.210219530214975e+33
-6.210216153166734e+33
-6.2102127584425e+33
-6.210209364618086e+33
-6.210205990911171e+33
-6.210202657071959e+33
-6.210199383255821e+33
-6.210196189878646e+33
-6.210193097455444e+33
-6.210190126423774e+33
-6.210187296953842e+33
-6.210184628747771e+33
-6.210182140831119e+33
-6.210179851340278e+33
-6.210177777309564e+33
-6.210175934462629e+33
-6.210174337012397e+33
-6.210172997474284e+33
-6.21017192649709e+33
-6.210171132715681e+33
-6.210170622629373e+33
-6.210170400508997e+33
-6.21017046833532e+33
-6.210170825770335e+33
-6.210171470162328e+33
-6.210172396584398e+33
-6.210173597905307e+33
-6.210175064890682e+33
-6.210176786331521e+33
-6.210178749196776e+33
-6.210180938806255e+33
-6.210183339020093e+33
-6.210185932440709e+33
-6.210188700623218e+33
-6.210191624289675e+33
-6.210194683542736e+33
-6.210197858074079e+33
-6.210201127363966e+33
-6.21020447086858e+33
-6.210207868192972e+33
-6.210211299247874e+33
-6.210214744389344e+33
-6.210218184540629e+33
-6.210221601296142e+33
-6.21022497700773e+33
-6.210228294853911e+33
-6.210231538892944e+33
-6.210234694100879e+33
-6.210237746395981e+33
-6.210240682651061e+33
-6.21024349069516e+33
-6.210246159306293e+33
-6.210248678196878e+33
-6.210251037993258e+33
-6.210253230210934e+33
-6.21025524722677e+33
-6.210257082249552e+33
-6.210258729289936e+33
-6.21026018313095e+33
-6.21026143929985e+33
-6.210262494042134e+33
-6.210263344298502e+33
-6.210263987685172e+33
-6.210264422478079e+33
-6.21026464760128e+33
-6.21026466261986e+33
-6.210264467737392e+33
-6.210264063798106e+33
-6.210263452293657e+33
-6.210262635374343e+33
-6.210261615864639e+33
-6.210260397282574e+33
-6.210258983862629e+33
-6.21025738058149e+33
-6.210255593186173e+33
-6.210253628223502e+33
-6.210251493070297e+33
-6.210249195963033e+33
-6.210246746025964e+33
-6.21024415329644e+33
-6.210241428745937e+33
-6.210238584295519e+33
-6.21023563282403e+33
-6.210232588167515e+33
-6.210229465108238e+33
-6.210226279351721e+33
-6.210223047490261e+33
-6.210219786951557e+33
-6.210216515931281e+33
-6.210213253308495e+33
-6.210210018543454e+33
-6.210206831557387e+33
-6.210203712594462e+33
-6.210200682066632e+33
-6.210197760382558e+33
-6.210194967762345e+33
-6.210192324040397e+33
-6.210189848459405e+33
-6.210187559458718e+33
-6.210185474461012e+33
-6.210183609661465e+33
-6.210181979823906e+33
-6.210180598088393e+33
-6.210179475794783e+33
-6.210178622326651e+33
-6.210178044979303e+33
-6.210177748855453e+33
-6.210177736791251e+33
-6.21017800931458e+33
-6.21017856463676e+33
-6.210179398677878e+33
-6.210180505125056e+33
-6.21018187552198e+33
-6.210183499387519e+33
-6.210185364360162e+33
-6.210187456364853e+33
-6.210189759798047e+33
-6.210192257726558e+33
-6.210194932095798e+33
-6.210197763942741e+33
-6.210200733609219e+33
-6.210203820951564e+33
-6.210207005542767e+33
-6.210210266864139e+33
-6.210213584483697e+33
-6.210216938219527e+33
-6.210220308286288e+33
-6.210223675424319e+33
-6.210227021010735e+33
-6.210230327152572e+33
-6.210233576762662e+33
-6.210236753618758e+33
-6.210239842407255e+33
-6.210242828752633e+33
-6.21024569923422e+33
-6.210248441391752e+33
-6.210251043721308e+33
-6.210253495663327e+33
-6.21025578758416e+33
-6.210257910752736e+33
-6.210259857313737e+33
-6.21026162025853e+33
-6.210263193395234e+33
-6.210264571318747e+33
-6.21026574938197e+33
-6.21026672366879e+33
-6.210267490969777e+33
-6.210268048761034e+33
-6.210268395186799e+33
-6.210268529046088e+33
-6.210268449783752e+33
-6.210268157486068e+33
-6.210267652881013e+33
-6.210266937343094e+33
-6.210266012902848e+33
-6.210264882260566e+33
-6.210263548804117e+33
-6.210262016630452e+33
-6.210260290570197e+33
-6.210258376214862e+33
-6.210256279945887e+33
-6.210254008964659e+33
-6.210251571322613e+33
-6.210248975950272e+33
-6.21024623268394e+33
-6.210243352288664e+33
-6.210240346475873e+33
-6.210237227913971e+33
-6.210234010230279e+33
-6.210230708002804e+33
-6.210227336740474e+33
-6.210223912850859e+33
-6.210220453594163e+33
-6.210216977022403e+33
-6.210213501902609e+33
-6.210210047622678e+33
-6.210206634079258e+33
-6.210203281547201e+33
-6.210200010531237e+33
-6.210196841600788e+33
-6.210193795209666e+33
-6.210190891503072e+33
-6.210188150114328e+33
-6.21018558995494e+33
-6.210183229001412e+33
-6.210181084083013e+33
-6.21017917067473e+33
-6.210177502699988e+33
-6.210176092347637e+33
-6.21017494990754e+33
-6.21017408362881e+33
-6.210173499604472e+33
-6.210173201685375e+33
-6.210173191425724e+33
-6.210173468061698e+33
-6.210174028523729e+33
-6.210174867482057e+33
-6.210175977424427e+33
-6.210177348763757e+33
-6.210178969973025e+33
-6.210180827743891e+33
-6.210182907165004e+33
-6.210185191915833e+33
-6.210187664471366e+33
-6.210190306313249e+33
-6.210193098142838e+33
-6.210196020092182e+33
-6.210199051928917e+33
-6.210202173251952e+33
-6.210205363674975e+33
-6.210208602995584e+33
-6.210211871348323e+33
-6.210215149340553e+33
-6.210218418170427e+33
-6.210221659727e+33
-6.210224856672683e+33
-6.210227992508774e+33
-6.210231051625043e+33
-6.210234019334615e+33
-6.21023688189553e+33
-6.210239626520463e+33
-6.210242241376264e+33
-6.210244715574763e+33
-6.210247039156628e+33
-6.21024920306956e+33
-6.210251199142515e+33
-6.210253020057224e+33
-6.210254659318328e+33
-6.210256111223328e+33
-6.210257370833281e+33
-6.210258433945215e+33
-6.210259297066921e+33
-6.210259957394704e+33
-6.210260412794717e+33
-6.210260661788129e+33
-6.210260703540489e+33
-6.210260537855623e+33
-6.210260165174042e+33
-6.210259586575996e+33
-6.210258803789146e+33
-6.210257819200631e+33
-6.210256635873356e+33
-6.210255257566059e+33
-6.210253688756811e+33
-6.210251934669232e+33
-6.210250001300888e+33
-6.210247895452929e+33
-6.210245624760127e+33
-6.210243197720235e+33
-6.210240623721525e+33
-6.210237913067162e+33
-6.210235076995088e+33
-6.210232127691934e+33
-6.210229078299335e+33
-6.21022594291116e+33
-6.210222736559948e+33
-6.210219475191074e+33
-6.210216175623077e+33
-6.210212855492809e+33
-6.210209533184314e+33
-6.210206227740459e+33
-6.210202958756732e+33
-6.210199746257215e+33
-6.210196610552721e+33
-6.210193572082105e+33
-6.210190651238015e+33
-6.210187868178889e+33
-6.210185242629772e+33
-6.210182793674864e+33
-6.210180539545328e+33
-6.210178497406339e+33
-6.210176683147522e+33
-6.210175111181395e+33
-6.210173794254204e+33
-6.210172743273764e+33
-6.210171967158419e+33
-6.210171472710934e+33
-6.210171264520704e+33
-6.21017134489671e+33
-6.210171713833138e+33
-6.210172369008506e+33
-6.210173305818369e+33
-6.210174517440742e+33
-6.210175994932358e+33
-6.210177727353454e+33
-6.21017970191762e+33
-6.210181904163039e+33
-6.210184318140893e+33
-6.210186926616489e+33
-6.21018971127853e+33
-6.210192652952117e+33
-6.210195731811107e+33
-6.210198927585988e+33
-6.210202219763681e+33
-6.21020558777623e+33
-6.210209011175987e+33
-6.210212469795274e+33
-6.210215943889333e+33
-6.210219414261577e+33
-6.210222862371097e+33
-6.210226270422321e+33
-6.210229621437543e+33
-6.210232899312884e+33
-6.210236088858899e+33
-6.210239175826885e+33
-6.21024214692231e+33
-6.210244989807144e+33
-6.210247693092835e+33
-6.210250246326005e+33
-6.210252639968727e+33
-6.21025486537499e+33
-6.210256914764489e+33
-6.210258781194748e+33
-6.21026045853229e+33
-6.21026194142373e+33
-6.210263225267671e+33
-6.210264306188353e+33
-6.210265181011779e+33
-6.210265847245155e+33
-6.210266303060176e+33
-6.210266547280443e+33
-6.21026657937346e+33
-6.210266399447247e+33
-6.210266008251609e+33
-6.210265407184104e+33
-6.210264598300574e+33
-6.210263584329851e+33
-6.210262368692574e+33
-6.210260955523505e+33
-6.210259349696853e+33
-6.21025755685404e+33
-6.210255583433043e+33
-6.210253436698458e+33
-6.210251124771386e+33
-6.210248656657724e+33
-6.210246042273975e+33
-6.210243292468852e+33
-6.210240419039575e+33
-6.210237434741123e+33
-6.210234353287018e+33
-6.21023118934006e+33
-6.210227958491488e+33
-6.210224677226935e+33
-6.210221362877939e+33
-6.210218033557457e+33
-6.210214708078572e+33
-6.2102114058555e+33
-6.210208146786634e+33
-6.210204951119574e+33
-6.210201839298924e+33
-6.210198831797818e+33
-6.21019594893494e+33
-6.210193210679247e+33
-6.210190636445211e+33
-6.210188244881885e+33
-6.210186053659635e+33
-6.210184079258494e+33
-6.210182336762797e+33
-6.210180839666445e+33
-6.210179599693383e+33
-6.21017862663762e+33
-6.210177928226744e+33
-6.210177510012547e+33
-6.210177375291491e+33
-6.210177525057209e+33
-6.210177957986325e+33
-6.210178670457903e+33
-6.210179656606143e+33
-6.210180908404716e+33
-6.210182415780665e+33
-6.210184166754746e+33
-6.210186147604826e+33
-6.210188343047992e+33
-6.210190736437257e+33
-6.210193309968217e+33
-6.210196044891081e+33
-6.210198921723859e+33
-6.210201920462458e+33
-6.21020502078407e+33
-6.210208202240579e+33
-6.210211444439324e+33
-6.210214727209038e+33
-6.21021803074939e+33
-6.210221335763104e+33
-6.210224623570235e+33
-6.210227876204456e+33
-6.21023107649183e+33
-6.210234208112868e+33
-6.210237255648796e+33
-6.210240204613425e+33
-6.210243041471992e+33
-6.21024575364854e+33
-6.210248329523467e+33
-6.210250758422764e+33
-6.210253030600568e+33
-6.21025513721658e+33
-6.210257070309735e+33
-6.210258822769448e+33
-6.210260388305654e+33
-6.210261761418858e+33
-6.210262937370943e+33
-6.210263912157826e+33
-6.210264682484604e+33
-6.210265245743766e+33
-6.210265599997059e+33
-6.210265743961387e+33
-6.210265676999033e+33
-6.210265399112415e+33
-6.210264910943498e+33
-6.210264213777851e+33
-6.210263309553227e+33
-6.210262200872672e+33
-6.210260891021542e+33
-6.210259383988447e+33
-6.210257684489317e+33
-6.2102557979942e+33
-6.210253730755906e+33
-6.21025148983989e+33
-6.210249083154151e+33
-6.210246519478327e+33
-6.210243808490633e+33
-6.210240960791408e+33
-6.210237987921753e+33
-6.210234902375986e+33
-6.210231717606079e+33
-6.210228448016677e+33
-6.210225108948927e+33
-6.210221716651795e+33
-6.210218288239088e+33
-6.21021484163112e+33
-6.210211395479817e+33
-6.210207969076354e+33
-6.210204582240974e+33
-6.21020125519481e+33
-6.210198008414156e+33
-6.210194862468048e+33
-6.210191837840648e+33
-6.210188954740522e+33
-6.210186232899276e+33
-6.210183691362835e+33
-6.210181348278744e+33
-6.210179220683576e+33
-6.21017732429436e+33
-6.21017567330854e+33
-6.210174280216701e+33
-6.210173155632699e+33
-6.210172308145713e+33
-6.210171744198457e+33
-6.210171467995181e+33
-6.210171481441963e+33
-6.210171784120863e+33
-6.210172373297912e+33
-6.210173243964567e+33
-6.210174388911091e+33
-6.210175798830061e+33
-6.210177462447194e+33
-6.210179366676417e+33
-6.210181496795316e+33
-6.210183836636685e+33
-6.210186368791816e+33
-6.210189074820974e+33
-6.210191935466481e+33
-6.210194930864477e+33
-6.2101980407511e+33
-6.21020124466007e+33
-6.21020452210847e+33
-6.210207852768564e+33
-6.210211216623747e+33
-6.210214594107454e+33
-6.210217966224397e+33
-6.210221314653765e+33
-6.210224621834834e+33
-6.210227871035454e+33
-6.210231046404432e+33
-6.21023413300894e+33
-6.21023711685836e+33
-6.210239984916088e+33
-6.210242725100782e+33
-6.21024532627875e+33
-6.210247778249013e+33
-6.210250071722611e+33
-6.210252198297623e+33
-6.210254150431242e+33
-6.210255921410219e+33
-6.210257505320788e+33
-6.210258897019158e+33
-6.210260092103375e+33
-6.210261086887507e+33
-6.210261878378633e+33
-6.210262464257335e+33
-6.210262842862062e+33
-6.210263013177745e+33
-6.210262974828857e+33
-6.210262728077145e+33
-6.210262273823952e+33
-6.210261613617256e+33
-6.210260749663064e+33
-6.21025968484113e+33
-6.210258422724553e+33
-6.21025696760273e+33
-6.210255324507375e+33
-6.210253499240543e+33
-6.21025149840429e+33
-6.210249329430785e+33
-6.210247000611868e+33
-6.210244521127111e+33
-6.21024190106885e+33
-6.210239151462996e+33
-6.210236284284125e+33
-6.210233312463198e+33
-6.210230249886537e+33
-6.210227111384182e+33
-6.210223912706303e+33
-6.210220670485952e+33
-6.210217402186917e+33
-6.210214126035384e+33
-6.210210860934521e+33
-6.210207626361377e+33
-6.210204442245702e+33
-6.210201328831116e+33
-6.210198306519132e+33
-6.210195395697327e+33
-6.210192616553483e+33
-6.210189988878028e+33
-6.21018753185768e+33
-6.21018526386375e+33
-6.210183202238952e+33
-6.210181363086927e+33
-6.210179761068951e+33
-6.210178409212365e+33
-6.210177318735193e+33
-6.210176498891214e+33
-6.210175956839482e+33
-6.210175697541495e+33
-6.210175723688888e+33
-6.210176035663482e+33
-6.210176631530758e+33
-6.210177507067036e+33
-6.21017865581948e+33
-6.210180069197486e+33
-6.210181736592852e+33
-6.210183645525752e+33
-6.210185781812753e+33
-6.210188129752702e+33
-6.21019067232607e+33
-6.210193391403247e+33
-6.210196267957309e+33
-6.210199282276798e+33
-6.210202414174724e+33
-6.210205643189978e+33
-6.210208948778163e+33
-6.210212310489234e+33
-6.210215708129948e+33
-6.210219121909615e+33
-6.210222532568315e+33
-6.210225921487113e+33
-6.210229270780369e+33
-6.210232563370681e+33
-6.210235783047104e+33
-6.210238914507972e+33
-6.210241943389569e+33
-6.210244856282107e+33
-6.210247640734785e+33
-6.210250285251342e+33
-6.210252779277915e+33
-6.210255113184542e+33
-6.21025727824196e+33
-6.210259266594848e+33
-6.210261071232995e+33
-6.210262685961455e+33
-6.21026410537071e+33
-6.210265324807993e+33
-6.210266340350428e+33
-6.210267148780867e+33
-6.21026774756697e+33
-6.210268134844096e+33
-6.210268309402325e+33
-6.210268270678012e+33
-6.210268018749871e+33
-6.210267554339741e+33
-6.210266878817736e+33
-6.210265994211701e+33
-6.210264903220545e+33
-6.210263609231172e+33
-6.210262116338937e+33
-6.2102604293713e+33
-6.21025855391453e+33
-6.21025649634286e+33
-6.210254263849228e+33
-6.210251864476278e+33
-6.210249307146178e+33
-6.210246601687731e+33
-6.210243758859396e+33
-6.210240790366758e+33
-6.210237708873103e+33
-6.210234528001641e+33
-6.210231262327922e+33
-6.210227927360823e+33
-6.210224539510632e+33
-6.210221116042804e+33
-6.21021767501602e+33
-6.21021423520355e+33
-6.210210815997096e+33
-6.210207437292755e+33
-6.21020411935903e+33
-6.210200882687469e+33
-6.210197747826874e+33
-6.210194735202689e+33
-6.210191864923693e+33
-6.21018915657869e+33
-6.210186629026424e+33
-6.210184300182422e+33
-6.210182186806923e+33
-6.210180304298064e+33
-6.210178666495131e+33
-6.210177285496111e+33
-6.210176171494171e+33
-6.210175332636926e+33
-6.210174774912248e+33
-6.210174502063504e+33
-6.210174515536492e+33
-6.210174814459489e+33
-6.210175395657055e+33
-6.210176253696993e+33
-6.210177380969484e+33
-6.210178767795998e+33
-6.210180402565367e+33
-6.210182271893375e+33
-6.21018436080193e+33
-6.21018665291348e+33
-6.210189130656144e+33
-6.210191775475094e+33
-6.210194568045659e+33
-6.210197488484141e+33
-6.210200516552459e+33
-6.210203631853331e+33
-6.210206814013311e+33
-6.2102100428512e+33
-6.210213298530462e+33
-6.210216561694241e+33
-6.210219813582621e+33
